time CaMKII* CaMKII6 CaMKII7 PP1
10 13 100 0.0 4
15 14 100 0.0 1
20 14 100 0.0 6
25 13 100 0.0 2
30 13 100 0.0 1
35 10 100 0.0 2
40 9 100 0.0 2
45 9 100 0.0 2
50 9 100 0.0 3
55 9 100 0.0 2
60 8 100 0.0 5
65 5 100 0.0 1
70 5 100 0.0 7
75 5 100 0.0 2
80 5 100 0.0 0
85 4 100 0.0 1
90 4 100 0.0 1
95 2 100 0.0 5
100 1 100 0.0 1
105 0 100 0.0 1
110 0 100 0.0 2
115 0 100 0.0 5
120 0 100 0.0 2
125 0 100 0.0 0
130 0 100 0.0 3
135 0 100 0.0 5
140 0 100 0.0 5
145 0 100 0.0 4
150 0 100 0.0 1
155 0 100 0.0 0
160 0 100 0.0 3
165 0 100 0.0 5
170 0 100 0.0 2
175 0 100 0.0 1
180 0 100 0.0 7
185 0 100 0.0 1
190 0 100 0.0 2
195 0 100 0.0 0
200 0 100 0.0 3
205 0 100 0.0 5
210 0 100 0.0 4
215 0 100 0.0 9
220 0 100 0.0 2
225 0 100 0.0 5
230 0 100 0.0 0
235 0 100 0.0 1
240 0 100 0.0 3
245 0 100 0.0 1
250 0 100 0.0 3
255 0 100 0.0 3
260 0 100 0.0 5
265 0 100 0.0 4
270 0 100 0.0 8
275 0 100 0.0 3
280 0 100 0.0 2
285 0 100 0.0 1
290 0 100 0.0 3
295 0 100 0.0 3
300 0 100 0.0 3
305 0 100 0.0 2
310 0 100 0.0 6
315 0 100 0.0 2
320 0 100 0.0 3
325 0 100 0.0 0
330 0 100 0.0 4
335 0 100 0.0 2
340 0 100 0.0 6
345 0 100 0.0 6
350 0 100 0.0 1
355 0 100 0.0 1
360 0 100 0.0 3
365 0 100 0.0 2
370 0 100 0.0 3
375 0 100 0.0 3
380 0 100 0.0 5
385 0 100 0.0 1
390 0 100 0.0 6
395 0 100 0.0 0
400 0 100 0.0 3
405 0 100 0.0 5
410 0 100 0.0 1
415 0 100 0.0 4
420 0 100 0.0 1
425 0 100 0.0 6
430 0 100 0.0 0
435 0 100 0.0 1
440 0 100 0.0 0
445 0 100 0.0 1
450 0 100 0.0 5
455 0 100 0.0 6
460 0 100 0.0 4
465 0 100 0.0 0
470 0 100 0.0 2
475 0 100 0.0 2
480 0 100 0.0 2
485 0 100 0.0 2
490 0 100 0.0 4
495 0 100 0.0 2
500 0 100 0.0 0
505 53 100 0.0 3
510 77 100 0.0 0
515 78 100 0.0 0
520 74 100 0.0 0
525 65 100 0.0 0
530 69 100 0.0 0
535 61 100 0.0 1
540 58 100 0.0 0
545 48 100 0.0 0
550 42 100 0.0 0
555 38 100 0.0 0
560 35 100 0.0 4
565 32 100 0.0 3
570 30 100 0.0 0
575 28 100 0.0 4
580 29 100 0.0 0
585 25 100 0.0 2
590 23 100 0.0 0
595 19 100 0.0 2
600 15 100 0.0 1
605 16 100 0.0 5
610 13 100 0.0 3
615 10 100 0.0 0
620 9 100 0.0 1
625 7 100 0.0 3
630 7 100 0.0 1
635 6 100 0.0 0
640 5 100 0.0 0
645 5 100 0.0 3
650 4 100 0.0 3
655 3 100 0.0 2
660 2 100 0.0 1
665 2 100 0.0 5
670 2 100 0.0 1
675 2 100 0.0 0
680 2 100 0.0 4
685 2 100 0.0 2
690 2 100 0.0 3
695 2 100 0.0 3
700 2 100 0.0 2
705 2 100 0.0 0
710 2 100 0.0 1
715 2 100 0.0 2
720 2 100 0.0 4
725 2 100 0.0 1
730 2 100 0.0 4
735 2 100 0.0 4
740 1 100 0.0 1
745 0 100 0.0 5
750 0 100 0.0 3
755 0 100 0.0 1
760 0 100 0.0 4
765 0 100 0.0 3
770 0 100 0.0 3
775 0 100 0.0 3
780 0 100 0.0 3
785 0 100 0.0 2
790 0 100 0.0 5
795 0 100 0.0 1
800 0 100 0.0 2
805 0 100 0.0 4
810 0 100 0.0 3
815 0 100 0.0 4
820 0 100 0.0 3
825 0 100 0.0 2
830 0 100 0.0 4
835 0 100 0.0 1
840 0 100 0.0 1
845 0 100 0.0 1
850 0 100 0.0 6
855 0 100 0.0 1
860 0 100 0.0 9
865 0 100 0.0 4
870 0 100 0.0 4
875 0 100 0.0 9
880 0 100 0.0 3
885 0 100 0.0 3
890 0 100 0.0 5
895 0 100 0.0 1
900 0 100 0.0 2
905 0 100 0.0 6
910 0 100 0.0 4
915 0 100 0.0 2
920 0 100 0.0 0
925 0 100 0.0 5
930 0 100 0.0 1
935 0 100 0.0 2
940 0 100 0.0 6
945 0 100 0.0 4
950 0 100 0.0 7
955 0 100 0.0 1
960 0 100 0.0 0
965 0 100 0.0 1
970 0 100 0.0 3
975 0 100 0.0 1
980 0 100 0.0 1
985 0 100 0.0 1
990 0 100 0.0 0
995 0 100 0.0 6
1000 0 100 0.0 1
1005 62 100 0.0 4
1010 71 100 0.0 4
1015 72 100 0.0 0
1020 74 100 0.0 0
1025 71 100 0.0 0
1030 59 100 0.0 0
1035 63 100 0.0 1
1040 55 100 0.0 1
1045 57 100 0.0 1
1050 47 100 0.0 1
1055 41 100 0.0 2
1060 40 100 0.0 0
1065 33 100 0.0 2
1070 26 100 0.0 2
1075 19 100 0.0 2
1080 17 100 0.0 3
1085 16 100 0.0 0
1090 14 100 0.0 3
1095 11 100 0.0 6
1100 12 100 0.0 2
1105 10 100 0.0 2
1110 10 100 0.0 0
1115 8 100 0.0 0
1120 6 100 0.0 1
1125 7 100 0.0 1
1130 7 100 0.0 0
1135 6 100 0.0 1
1140 4 100 0.0 4
1145 3 100 0.0 7
1150 3 100 0.0 5
1155 3 100 0.0 1
1160 3 100 0.0 2
1165 2 100 0.0 3
1170 3 100 0.0 0
1175 3 100 0.0 3
1180 1 100 0.0 3
1185 0 100 0.0 3
1190 0 100 0.0 4
1195 0 100 0.0 2
1200 0 100 0.0 6
1205 0 100 0.0 2
1210 0 100 0.0 1
1215 0 100 0.0 0
1220 0 100 0.0 2
1225 0 100 0.0 7
1230 0 100 0.0 0
1235 0 100 0.0 3
1240 0 100 0.0 1
1245 0 100 0.0 5
1250 0 100 0.0 2
1255 0 100 0.0 3
1260 0 100 0.0 2
1265 0 100 0.0 5
1270 0 100 0.0 2
1275 0 100 0.0 2
1280 0 100 0.0 4
1285 0 100 0.0 0
1290 0 100 0.0 6
1295 0 100 0.0 0
1300 0 100 0.0 3
1305 0 100 0.0 2
1310 0 100 0.0 3
1315 0 100 0.0 2
1320 0 100 0.0 6
1325 0 100 0.0 2
1330 0 100 0.0 4
1335 0 100 0.0 2
1340 0 100 0.0 1
1345 0 100 0.0 2
1350 0 100 0.0 3
1355 0 100 0.0 9
1360 0 100 0.0 2
1365 0 100 0.0 5
1370 0 100 0.0 6
1375 0 100 0.0 4
1380 0 100 0.0 3
1385 0 100 0.0 5
1390 0 100 0.0 6
1395 0 100 0.0 0
1400 0 100 0.0 0
1405 0 100 0.0 1
1410 0 100 0.0 2
1415 0 100 0.0 3
1420 0 100 0.0 0
1425 0 100 0.0 2
1430 0 100 0.0 3
1435 0 100 0.0 6
1440 0 100 0.0 1
1445 0 100 0.0 3
1450 0 100 0.0 4
1455 0 100 0.0 3
1460 0 100 0.0 3
1465 0 100 0.0 0
1470 0 100 0.0 0
1475 0 100 0.0 4
1480 0 100 0.0 2
1485 0 100 0.0 1
1490 0 100 0.0 1
1495 0 100 0.0 2
1500 0 100 0.0 1
1505 68 100 0.0 1
1510 83 100 0.0 0
1515 83 100 0.0 1
1520 79 100 0.0 0
1525 69 100 0.0 1
1530 63 100 0.0 1
1535 59 100 0.0 0
1540 54 100 0.0 2
1545 48 100 0.0 1
1550 44 100 0.0 0
1555 41 100 0.0 7
1560 35 100 0.0 0
1565 28 100 0.0 1
1570 24 100 0.0 1
1575 25 100 0.0 1
1580 21 100 0.0 5
1585 18 100 0.0 6
1590 13 100 0.0 2
1595 9 100 0.0 2
1600 8 100 0.0 3
1605 9 100 0.0 2
1610 7 100 0.0 1
1615 5 100 0.0 0
1620 6 100 0.0 4
1625 6 100 0.0 0
1630 3 100 0.0 2
1635 1 100 0.0 3
1640 1 100 0.0 0
1645 1 100 0.0 3
1650 0 100 0.0 1
1655 0 100 0.0 4
1660 0 100 0.0 3
1665 0 100 0.0 0
1670 0 100 0.0 0
1675 0 100 0.0 3
1680 0 100 0.0 2
1685 0 100 0.0 4
1690 0 100 0.0 3
1695 0 100 0.0 2
1700 0 100 0.0 6
1705 0 100 0.0 7
1710 0 100 0.0 4
1715 0 100 0.0 5
1720 0 100 0.0 2
1725 0 100 0.0 3
1730 0 100 0.0 6
1735 0 100 0.0 2
1740 0 100 0.0 6
1745 0 100 0.0 2
1750 0 100 0.0 3
1755 0 100 0.0 4
1760 0 100 0.0 4
1765 0 100 0.0 4
1770 0 100 0.0 0
1775 0 100 0.0 4
1780 0 100 0.0 0
1785 0 100 0.0 7
1790 0 100 0.0 2
1795 0 100 0.0 1
1800 0 100 0.0 2
1805 0 100 0.0 0
1810 0 100 0.0 3
1815 0 100 0.0 1
1820 0 100 0.0 1
1825 0 100 0.0 4
1830 0 100 0.0 1
1835 0 100 0.0 4
1840 0 100 0.0 1
1845 0 100 0.0 0
1850 0 100 0.0 1
1855 0 100 0.0 1
1860 0 100 0.0 2
1865 0 100 0.0 2
1870 0 100 0.0 1
1875 0 100 0.0 7
1880 0 100 0.0 5
1885 0 100 0.0 3
1890 0 100 0.0 1
1895 0 100 0.0 3
1900 0 100 0.0 1
1905 0 100 0.0 2
1910 0 100 0.0 0
1915 0 100 0.0 6
1920 0 100 0.0 0
1925 0 100 0.0 3
1930 0 100 0.0 5
1935 0 100 0.0 2
1940 0 100 0.0 4
1945 0 100 0.0 3
1950 0 100 0.0 6
1955 0 100 0.0 3
1960 0 100 0.0 2
1965 0 100 0.0 5
1970 0 100 0.0 0
1975 0 100 0.0 5
1980 0 100 0.0 8
1985 0 100 0.0 7
1990 0 100 0.0 5
1995 0 100 0.0 0
2000 0 100 0.0 2
2005 66 100 0.0 12
2010 68 100 0.0 0
2015 70 100 0.0 1
2020 65 100 0.0 1
2025 66 100 0.0 1
2030 64 100 0.0 1
2035 61 100 0.0 0
2040 63 100 0.0 1
2045 56 100 0.0 2
2050 49 100 0.0 1
2055 43 100 0.0 0
2060 42 100 0.0 0
2065 40 100 0.0 1
2070 40 100 0.0 0
2075 36 100 0.0 2
2080 32 100 0.0 1
2085 29 100 0.0 2
2090 27 100 0.0 1
2095 26 100 0.0 3
2100 22 100 0.0 2
2105 18 100 0.0 0
2110 15 100 0.0 1
2115 14 100 0.0 6
2120 13 100 0.0 1
2125 10 100 0.0 2
2130 9 100 0.0 2
2135 7 100 0.0 4
2140 7 100 0.0 5
2145 2 100 0.0 2
2150 2 100 0.0 1
2155 2 100 0.0 1
2160 0 100 0.0 5
2165 0 100 0.0 0
2170 0 100 0.0 3
2175 0 100 0.0 2
2180 0 100 0.0 1
2185 0 100 0.0 2
2190 0 100 0.0 3
2195 0 100 0.0 4
2200 0 100 0.0 3
2205 0 100 0.0 0
2210 0 100 0.0 7
2215 0 100 0.0 0
2220 0 100 0.0 1
2225 0 100 0.0 3
2230 0 100 0.0 4
2235 0 100 0.0 6
2240 0 100 0.0 1
2245 0 100 0.0 2
2250 0 100 0.0 3
2255 0 100 0.0 1
2260 0 100 0.0 1
2265 0 100 0.0 4
2270 0 100 0.0 5
2275 0 100 0.0 1
2280 0 100 0.0 1
2285 0 100 0.0 6
2290 0 100 0.0 3
2295 0 100 0.0 0
2300 0 100 0.0 4
2305 0 100 0.0 3
2310 0 100 0.0 0
2315 0 100 0.0 1
2320 0 100 0.0 5
2325 0 100 0.0 7
2330 0 100 0.0 5
2335 0 100 0.0 1
2340 0 100 0.0 5
2345 0 100 0.0 2
2350 0 100 0.0 1
2355 0 100 0.0 1
2360 0 100 0.0 3
2365 0 100 0.0 5
2370 0 100 0.0 3
2375 0 100 0.0 1
2380 0 100 0.0 3
2385 0 100 0.0 2
2390 0 100 0.0 2
2395 0 100 0.0 3
2400 0 100 0.0 2
2405 0 100 0.0 2
2410 0 100 0.0 5
2415 0 100 0.0 6
2420 0 100 0.0 2
2425 0 100 0.0 3
2430 0 100 0.0 5
2435 0 100 0.0 2
2440 0 100 0.0 4
2445 0 100 0.0 6
2450 0 100 0.0 2
2455 0 100 0.0 0
2460 0 100 0.0 7
2465 0 100 0.0 1
2470 0 100 0.0 4
2475 0 100 0.0 4
2480 0 100 0.0 3
2485 0 100 0.0 6
2490 0 100 0.0 1
2495 0 100 0.0 2
2500 0 100 0.0 1
2505 64 100 0.0 1
2510 77 100 0.0 0
2515 83 100 0.0 1
2520 72 100 0.0 0
2525 72 100 0.0 0
2530 67 100 0.0 1
2535 60 100 0.0 0
2540 59 100 0.0 1
2545 49 100 0.0 6
2550 37 100 0.0 1
2555 35 100 0.0 1
2560 29 100 0.0 2
2565 28 100 0.0 2
2570 24 100 0.0 0
2575 24 100 0.0 2
2580 25 100 0.0 2
2585 22 100 0.0 5
2590 15 100 0.0 2
2595 10 100 0.0 0
2600 7 100 0.0 4
2605 4 100 0.0 5
2610 4 100 0.0 1
2615 2 100 0.0 2
2620 0 100 0.0 2
2625 0 100 0.0 3
2630 0 100 0.0 2
2635 0 100 0.0 0
2640 0 100 0.0 0
2645 0 100 0.0 4
2650 0 100 0.0 2
2655 0 100 0.0 3
2660 0 100 0.0 2
2665 0 100 0.0 4
2670 0 100 0.0 1
2675 0 100 0.0 2
2680 0 100 0.0 2
2685 0 100 0.0 0
2690 0 100 0.0 2
2695 0 100 0.0 10
2700 0 100 0.0 1
2705 0 100 0.0 2
2710 0 100 0.0 5
2715 0 100 0.0 3
2720 0 100 0.0 3
2725 0 100 0.0 4
2730 0 100 0.0 7
2735 0 100 0.0 2
2740 0 100 0.0 9
2745 0 100 0.0 3
2750 0 100 0.0 2
2755 0 100 0.0 0
2760 0 100 0.0 4
2765 0 100 0.0 0
2770 0 100 0.0 2
2775 0 100 0.0 1
2780 0 100 0.0 1
2785 0 100 0.0 1
2790 0 100 0.0 3
2795 0 100 0.0 0
2800 0 100 0.0 2
2805 0 100 0.0 1
2810 0 100 0.0 2
2815 0 100 0.0 7
2820 0 100 0.0 1
2825 0 100 0.0 3
2830 0 100 0.0 5
2835 0 100 0.0 7
2840 0 100 0.0 2
2845 0 100 0.0 1
2850 0 100 0.0 4
2855 0 100 0.0 5
2860 0 100 0.0 3
2865 0 100 0.0 2
2870 0 100 0.0 8
2875 0 100 0.0 0
2880 0 100 0.0 4
2885 0 100 0.0 1
2890 0 100 0.0 4
2895 0 100 0.0 1
2900 0 100 0.0 2
2905 0 100 0.0 1
2910 0 100 0.0 2
2915 0 100 0.0 3
2920 0 100 0.0 2
2925 0 100 0.0 0
2930 0 100 0.0 5
2935 0 100 0.0 3
2940 0 100 0.0 1
2945 0 100 0.0 5
2950 0 100 0.0 2
2955 0 100 0.0 3
2960 0 100 0.0 1
2965 0 100 0.0 6
2970 0 100 0.0 0
2975 0 100 0.0 3
2980 0 100 0.0 0
2985 0 100 0.0 4
2990 0 100 0.0 0
2995 0 100 0.0 4
3000 0 100 0.0 3
3005 62 100 0.0 4
3010 69 100 0.0 1
3015 69 100 0.0 0
3020 61 100 0.0 0
3025 63 100 0.0 0
3030 63 100 0.0 0
3035 61 100 0.0 0
3040 58 100 0.0 1
3045 54 100 0.0 0
3050 51 100 0.0 0
3055 42 100 0.0 6
3060 34 100 0.0 0
3065 28 100 0.0 0
3070 23 100 0.0 1
3075 21 100 0.0 0
3080 19 100 0.0 4
3085 19 100 0.0 1
3090 14 100 0.0 5
3095 14 100 0.0 4
3100 11 100 0.0 2
3105 10 100 0.0 0
3110 6 100 0.0 6
3115 7 100 0.0 0
3120 6 100 0.0 0
3125 6 100 0.0 0
3130 6 100 0.0 2
3135 3 100 0.0 3
3140 3 100 0.0 4
3145 3 100 0.0 3
3150 1 100 0.0 1
3155 1 100 0.0 1
3160 1 100 0.0 3
3165 1 100 0.0 2
3170 1 100 0.0 3
3175 1 100 0.0 0
3180 0 100 0.0 3
3185 0 100 0.0 0
3190 0 100 0.0 1
3195 0 100 0.0 9
3200 0 100 0.0 4
3205 0 100 0.0 3
3210 0 100 0.0 4
3215 0 100 0.0 3
3220 0 100 0.0 5
3225 0 100 0.0 3
3230 0 100 0.0 3
3235 0 100 0.0 1
3240 0 100 0.0 1
3245 0 100 0.0 2
3250 0 100 0.0 2
3255 0 100 0.0 0
3260 0 100 0.0 4
3265 0 100 0.0 0
3270 0 100 0.0 6
3275 0 100 0.0 4
3280 0 100 0.0 2
3285 0 100 0.0 2
3290 0 100 0.0 1
3295 0 100 0.0 3
3300 0 100 0.0 1
3305 0 100 0.0 0
3310 0 100 0.0 1
3315 0 100 0.0 2
3320 0 100 0.0 0
3325 0 100 0.0 3
3330 0 100 0.0 3
3335 0 100 0.0 1
3340 0 100 0.0 1
3345 0 100 0.0 1
3350 0 100 0.0 6
3355 0 100 0.0 1
3360 0 100 0.0 3
3365 0 100 0.0 0
3370 0 100 0.0 0
3375 0 100 0.0 2
3380 0 100 0.0 1
3385 0 100 0.0 1
3390 0 100 0.0 1
3395 0 100 0.0 2
3400 0 100 0.0 3
3405 0 100 0.0 1
3410 0 100 0.0 2
3415 0 100 0.0 0
3420 0 100 0.0 1
3425 0 100 0.0 4
3430 0 100 0.0 7
3435 0 100 0.0 2
3440 0 100 0.0 1
3445 0 100 0.0 1
3450 0 100 0.0 5
3455 0 100 0.0 1
3460 0 100 0.0 2
3465 0 100 0.0 5
3470 0 100 0.0 3
3475 0 100 0.0 2
3480 0 100 0.0 4
3485 0 100 0.0 3
3490 0 100 0.0 5
3495 0 100 0.0 0
3500 0 100 0.0 5
3505 51 100 0.0 4
3510 66 100 0.0 1
3515 62 100 0.0 0
3520 58 100 0.0 0
3525 57 100 0.0 1
3530 49 100 0.0 0
3535 40 100 0.0 1
3540 37 100 0.0 1
3545 33 100 0.0 1
3550 26 100 0.0 1
3555 25 100 0.0 1
3560 23 100 0.0 1
3565 23 100 0.0 3
3570 16 100 0.0 0
3575 13 100 0.0 2
3580 11 100 0.0 0
3585 10 100 0.0 1
3590 10 100 0.0 0
3595 9 100 0.0 1
3600 8 100 0.0 2
3605 8 100 0.0 3
3610 7 100 0.0 1
3615 7 100 0.0 1
3620 6 100 0.0 1
3625 7 100 0.0 2
3630 7 100 0.0 4
3635 5 100 0.0 1
3640 5 100 0.0 4
3645 0 100 0.0 4
3650 1 100 0.0 0
3655 1 100 0.0 2
3660 0 100 0.0 1
3665 0 100 0.0 0
3670 0 100 0.0 6
3675 0 100 0.0 2
3680 0 100 0.0 5
3685 0 100 0.0 2
3690 0 100 0.0 1
3695 0 100 0.0 8
3700 0 100 0.0 1
3705 0 100 0.0 2
3710 0 100 0.0 3
3715 0 100 0.0 3
3720 0 100 0.0 1
3725 0 100 0.0 3
3730 0 100 0.0 1
3735 0 100 0.0 2
3740 0 100 0.0 1
3745 0 100 0.0 8
3750 0 100 0.0 0
3755 0 100 0.0 4
3760 0 100 0.0 0
3765 0 100 0.0 4
3770 0 100 0.0 4
3775 0 100 0.0 5
3780 0 100 0.0 2
3785 0 100 0.0 6
3790 0 100 0.0 1
3795 0 100 0.0 0
3800 0 100 0.0 3
3805 0 100 0.0 1
3810 0 100 0.0 3
3815 0 100 0.0 5
3820 0 100 0.0 3
3825 0 100 0.0 3
3830 0 100 0.0 2
3835 0 100 0.0 5
3840 0 100 0.0 6
3845 0 100 0.0 2
3850 0 100 0.0 1
3855 0 100 0.0 0
3860 0 100 0.0 6
3865 0 100 0.0 3
3870 0 100 0.0 1
3875 0 100 0.0 0
3880 0 100 0.0 1
3885 0 100 0.0 3
3890 0 100 0.0 3
3895 0 100 0.0 5
3900 0 100 0.0 2
3905 0 100 0.0 0
3910 0 100 0.0 1
3915 0 100 0.0 5
3920 0 100 0.0 5
3925 0 100 0.0 2
3930 0 100 0.0 4
3935 0 100 0.0 7
3940 0 100 0.0 1
3945 0 100 0.0 3
3950 0 100 0.0 4
3955 0 100 0.0 2
3960 0 100 0.0 4
3965 0 100 0.0 0
3970 0 100 0.0 0
3975 0 100 0.0 1
3980 0 100 0.0 5
3985 0 100 0.0 2
3990 0 100 0.0 6
3995 0 100 0.0 0
4000 0 100 0.0 1
4005 63 100 0.0 1
4010 75 100 0.0 0
4015 82 100 0.0 0
4020 75 100 0.0 1
4025 76 100 0.0 0
4030 70 100 0.0 0
4035 66 100 0.0 0
4040 58 100 0.0 3
4045 49 100 0.0 4
4050 47 100 0.0 2
4055 34 100 0.0 1
4060 34 100 0.0 0
4065 29 100 0.0 1
4070 24 100 0.0 0
4075 19 100 0.0 1
4080 18 100 0.0 3
4085 13 100 0.0 1
4090 11 100 0.0 2
4095 9 100 0.0 1
4100 9 100 0.0 3
4105 6 100 0.0 1
4110 6 100 0.0 1
4115 6 100 0.0 0
4120 6 100 0.0 1
4125 6 100 0.0 3
4130 4 100 0.0 0
4135 4 100 0.0 1
4140 2 100 0.0 1
4145 2 100 0.0 4
4150 2 100 0.0 2
4155 2 100 0.0 6
4160 2 100 0.0 1
4165 2 100 0.0 5
4170 2 100 0.0 3
4175 2 100 0.0 2
4180 2 100 0.0 5
4185 2 100 0.0 5
4190 2 100 0.0 3
4195 2 100 0.0 3
4200 2 100 0.0 5
4205 0 100 0.0 3
4210 1 100 0.0 4
4215 1 100 0.0 1
4220 1 100 0.0 4
4225 0 100 0.0 0
4230 0 100 0.0 0
4235 0 100 0.0 2
4240 0 100 0.0 3
4245 0 100 0.0 0
4250 0 100 0.0 4
4255 0 100 0.0 3
4260 0 100 0.0 1
4265 0 100 0.0 2
4270 0 100 0.0 1
4275 0 100 0.0 1
4280 0 100 0.0 3
4285 0 100 0.0 2
4290 0 100 0.0 2
4295 0 100 0.0 2
4300 0 100 0.0 1
4305 0 100 0.0 3
4310 0 100 0.0 3
4315 0 100 0.0 1
4320 0 100 0.0 6
