time CaMKII* CaMKII6 CaMKII7 PP1 x y
120 16 18 0 0 1 17
180 16 17 1 0 1 16
240 14 18 0 2 0 18
300 16 17 1 0 1 16
360 15 18 0 0 1 17
420 15 17 1 0 1 16
480 14 18 0 1 2 16
540 14 18 0 2 1 17
600 15 17 1 0 0 17
660 18 18 0 0 0 18
720 13 18 0 0 1 17
780 14 17 1 1 0 17
840 17 17 1 0 0 17
900 14 16 2 1 1 15
960 13 18 0 0 0 18
1020 9 17 1 0 0 17
1080 16 17 1 0 2 15
1140 16 18 0 0 1 17
1200 13 18 0 1 0 18
1260 13 18 0 0 0 18
1320 15 17 1 0 1 16
1380 16 18 0 0 2 16
1440 18 17 1 1 1 16
1500 15 18 0 0 1 17
1560 15 17 1 2 2 15
1620 16 17 1 0 0 17
1680 15 18 0 0 2 16
1740 16 16 2 0 1 15
1800 17 18 0 1 2 16
1860 16 16 2 1 0 16
1920 14 17 1 0 1 16
1980 18 18 0 0 0 18
2040 16 16 2 0 0 16
2100 17 17 1 0 2 15
2160 12 18 0 0 0 18
2220 18 18 0 1 0 18
2280 15 16 2 0 0 16
2340 16 14 4 2 0 13
2400 17 16 2 0 1 14
2460 12 17 1 2 1 16
2520 13 18 0 1 1 17
2580 17 18 0 1 0 18
2640 15 18 0 1 1 17
2700 15 16 2 0 0 16
2760 15 17 1 1 0 17
2820 16 17 1 0 1 16
2880 15 18 0 0 0 18
2940 16 18 0 1 0 18
3000 17 17 1 0 1 16
3060 16 17 1 0 0 17
3120 16 18 0 0 1 17
3180 13 17 1 1 0 17
3240 11 17 1 2 0 17
3300 18 17 1 2 1 16
3360 15 18 0 0 0 18
3420 17 17 1 0 0 17
3480 16 18 0 0 2 16
3540 17 18 0 0 2 16
3600 12 18 0 0 2 16
3660 16 18 0 0 0 18
3720 15 18 0 1 1 16
3780 14 18 0 1 0 18
3840 15 18 0 4 0 18
3900 17 15 3 0 1 14
3960 16 17 1 0 1 16
4020 16 17 1 1 0 17
4080 13 18 0 0 1 17
4140 15 18 0 3 1 17
4200 16 18 0 1 0 18
4260 13 17 1 0 0 17
4320 15 18 0 0 0 18
4380 16 18 0 1 0 18
4440 15 17 1 0 1 16
4500 18 17 1 1 2 15
4560 18 18 0 1 0 18
4620 15 17 1 0 1 16
4680 16 17 1 0 0 17
4740 14 18 0 0 0 18
4800 14 16 2 1 0 16
4860 15 16 2 1 3 13
4920 18 15 3 0 1 14
4980 13 18 0 1 1 17
5040 16 17 1 1 0 17
5100 17 14 4 0 0 14
5160 15 17 1 1 1 16
5220 18 18 0 1 2 16
5280 14 18 0 1 0 18
5340 14 18 0 0 2 16
5400 14 16 2 3 0 16
5460 14 17 1 0 0 17
5520 15 18 0 1 0 18
5580 17 18 0 0 2 16
5640 15 18 0 1 1 17
5700 17 17 1 0 1 16
5760 16 17 1 0 2 15
5820 17 14 4 1 0 14
5880 15 17 1 1 2 15
5940 16 18 0 0 0 18
6000 15 18 0 0 0 18
6060 16 17 1 1 1 16
6120 13 16 2 1 1 15
6180 18 17 1 0 0 17
6240 17 18 0 0 2 15
6300 18 18 0 0 0 17
6360 16 18 0 0 1 17
6420 17 16 2 0 1 15
6480 14 17 1 0 0 17
6540 17 17 1 2 0 17
6600 14 17 1 1 2 15
6660 15 18 0 1 0 18
6720 17 18 0 2 0 18
6780 18 17 1 1 2 15
6840 11 17 1 1 0 17
6900 14 16 2 0 1 15
6960 16 18 0 0 0 18
7020 15 18 0 0 0 18
7080 14 18 0 1 1 17
7140 14 18 0 0 0 18
7200 15 18 0 1 1 17
7260 14 18 0 0 0 18
7320 17 18 0 0 2 16
7380 16 18 0 3 0 18
7440 13 18 0 1 0 18
7500 14 17 1 0 0 17
7560 15 16 2 0 1 15
7620 18 18 0 0 4 14
7680 15 17 1 0 0 17
7740 17 17 1 0 0 16
7800 14 16 2 1 0 16
7860 15 18 0 0 2 16
7920 17 17 1 2 1 16
7980 17 16 2 1 2 14
8040 16 17 1 0 0 17
8100 13 17 1 0 0 17
8160 17 18 0 1 0 18
8220 14 17 1 0 0 17
8280 16 17 1 0 0 17
8340 17 18 0 1 2 16
8400 16 17 1 0 3 14
8460 16 18 0 1 1 17
8520 17 16 2 2 1 15
8580 18 18 0 0 0 17
8640 12 18 0 0 0 18
8700 14 18 0 2 0 18
8760 13 17 1 0 0 17
8820 15 18 0 2 0 18
8880 11 18 0 0 0 18
8940 16 18 0 1 2 16
9000 12 18 0 0 0 18
9060 18 18 0 0 0 18
9120 17 18 0 0 3 15
9180 16 18 0 0 1 17
9240 13 15 3 1 0 15
9300 17 18 0 1 1 16
9360 14 18 0 0 2 16
9420 15 18 0 1 0 18
9480 14 18 0 1 0 18
9540 17 18 0 0 2 16
9600 17 18 0 1 0 18
9660 17 16 2 1 0 16
9720 18 18 0 0 2 16
9780 16 18 0 0 2 16
9840 16 16 2 0 2 14
9900 17 18 0 0 0 18
9960 15 18 0 0 0 18
10020 17 17 1 2 0 17
10080 15 17 1 0 2 15
10140 17 18 0 2 1 17
10200 15 17 1 0 1 15
10260 16 18 0 0 1 17
10320 16 18 0 0 0 18
10380 16 18 0 0 0 18
10440 16 17 1 0 1 16
10500 16 17 1 0 2 15
10560 17 18 0 0 3 15
10620 16 18 0 2 1 17
10680 17 18 0 0 2 16
10740 16 18 0 2 1 17
10800 17 17 1 0 1 16
10860 17 18 0 0 1 17
10920 16 17 1 0 0 17
10980 15 17 1 1 0 17
11040 16 17 1 0 2 15
11100 15 18 0 1 0 18
11160 13 18 0 0 0 18
11220 17 17 1 0 2 15
11280 15 17 1 0 1 16
11340 17 18 0 0 1 17
11400 15 17 1 0 0 17
11460 14 18 0 0 0 18
11520 14 18 0 3 0 18
11580 16 18 0 0 4 14
11640 16 18 0 0 1 17
11700 17 18 0 1 1 17
11760 18 17 1 1 3 14
11820 15 16 2 0 1 15
11880 16 18 0 0 0 18
11940 15 17 1 1 0 17
12000 16 18 0 1 0 18
12060 17 16 2 0 3 13
12120 16 16 2 0 0 15
12180 18 17 1 0 1 15
12240 16 17 1 1 2 15
12300 13 18 0 0 0 18
12360 15 18 0 1 1 17
12420 13 17 1 1 0 17
12480 16 17 1 0 0 17
12540 16 17 1 0 1 16
12600 16 18 0 0 0 18
12660 15 17 1 0 0 17
12720 16 17 1 0 2 15
12780 15 18 0 0 0 17
12840 17 17 1 2 0 17
12900 16 18 0 0 0 18
12960 15 16 2 0 0 16
13020 13 17 1 1 0 17
13080 14 18 0 1 0 18
13140 16 18 0 0 1 17
13200 16 17 1 1 0 16
13260 17 16 2 0 0 16
13320 12 18 0 1 0 18
13380 14 15 3 0 0 15
13440 15 16 2 0 0 16
13500 15 16 2 1 0 16
13560 15 18 0 0 2 16
13620 17 18 0 0 2 16
13680 15 18 0 0 1 17
13740 13 17 1 1 0 17
13800 15 17 1 0 1 16
13860 18 18 0 1 0 18
13920 18 18 0 1 3 15
13980 14 18 0 1 0 18
14040 14 17 1 0 1 15
14100 14 18 0 1 0 18
14160 18 17 1 0 3 14
14220 15 18 0 0 1 17
14280 17 18 0 0 4 14
14340 18 18 0 0 4 14
14400 12 17 1 0 0 17
14460 17 16 2 0 2 14
14520 17 17 1 0 5 12
14580 15 18 0 1 0 18
14640 15 18 0 0 0 17
14700 17 16 2 0 2 14
14760 16 18 0 1 0 18
14820 17 18 0 0 1 17
14880 17 18 0 0 2 16
14940 12 17 1 0 0 17
15000 13 18 0 1 1 17
15060 16 18 0 0 1 17
15120 16 16 2 1 2 14
15180 15 18 0 0 1 16
15240 16 18 0 0 0 18
15300 18 15 3 0 3 12
15360 17 18 0 1 1 16
15420 17 17 1 1 0 17
15480 17 15 3 0 0 15
15540 17 18 0 0 1 17
15600 16 17 1 1 0 17
15660 18 17 1 0 6 11
15720 16 18 0 1 1 17
15780 17 18 0 2 1 17
15840 13 16 2 0 0 16
15900 14 18 0 0 0 18
15960 13 18 0 3 0 18
16020 15 18 0 1 0 18
16080 17 18 0 1 1 17
16140 14 17 1 1 0 17
16200 15 17 1 1 0 16
16260 15 16 2 1 1 15
16320 15 17 1 0 3 14
16380 17 16 2 0 4 12
16440 15 18 0 0 1 17
16500 16 18 0 1 0 18
16560 14 18 0 0 0 18
16620 15 18 0 0 0 18
16680 17 17 1 1 0 17
16740 15 18 0 0 1 17
16800 17 18 0 0 0 18
16860 17 16 2 0 0 16
16920 18 17 1 0 1 16
16980 18 17 1 0 1 16
17040 15 18 0 0 1 17
17100 10 18 0 1 0 18
17160 16 18 0 0 0 18
17220 16 18 0 1 0 18
17280 17 18 0 2 1 17
17340 18 17 1 1 1 16
17400 14 18 0 0 0 18
17460 16 17 1 0 1 16
17520 15 16 2 0 2 14
17580 14 18 0 0 0 18
17640 15 18 0 0 1 17
17700 17 18 0 2 4 14
17760 17 17 1 0 0 17
17820 16 18 0 0 0 18
17880 17 18 0 0 2 15
17940 15 18 0 0 1 17
18000 18 18 0 0 3 15
18060 12 17 1 1 0 17
18120 15 16 2 0 0 16
18180 17 17 1 1 0 17
18240 17 17 1 1 0 17
18300 16 18 0 0 1 17
18360 18 18 0 0 0 18
18420 13 17 1 2 0 17
18480 17 17 1 2 0 17
18540 15 17 1 0 3 14
18600 18 18 0 0 2 16
18660 17 18 0 1 2 16
18720 14 17 1 0 0 17
18780 17 18 0 0 2 16
18840 14 17 1 0 0 17
18900 15 17 1 0 0 17
18960 15 18 0 0 0 18
19020 18 17 1 0 1 16
19080 16 16 2 0 0 16
19140 16 18 0 0 3 15
19200 16 16 2 0 0 16
19260 13 17 1 0 0 17
19320 18 17 1 0 1 16
19380 15 18 0 0 1 17
19440 17 18 0 0 2 16
19500 17 17 1 1 0 17
19560 18 18 0 1 3 14
19620 18 18 0 0 1 17
19680 15 18 0 0 2 16
19740 14 17 1 1 0 17
19800 16 18 0 0 1 17
19860 15 18 0 0 0 18
19920 16 18 0 1 1 17
19980 16 17 1 1 1 16
20040 13 17 1 2 0 17
20100 18 18 0 0 1 17
20160 15 15 3 1 0 15
20220 14 18 0 1 1 17
20280 17 16 2 0 0 16
20340 15 18 0 0 2 16
20400 17 16 2 1 0 16
20460 14 16 2 0 0 16
20520 14 17 1 1 0 17
20580 7 17 1 0 0 17
20640 18 17 1 0 1 16
20700 17 18 0 0 0 18
20760 13 17 1 1 0 17
20820 15 17 1 1 1 16
20880 16 18 0 2 0 18
20940 16 17 1 0 1 16
21000 13 16 2 1 1 15
21060 16 18 0 1 1 17
21120 17 18 0 0 3 15
21180 14 17 1 0 0 17
21240 12 18 0 0 0 18
21300 14 16 2 1 0 16
21360 14 17 1 1 0 17
21420 16 18 0 1 3 15
21480 11 16 2 1 0 16
21540 16 18 0 1 1 17
21600 16 16 2 2 1 15
21660 16 18 0 0 3 14
21720 17 18 0 2 1 17
21780 16 18 0 0 0 18
21840 17 16 2 0 2 13
21900 13 18 0 1 1 17
21960 14 18 0 2 0 18
22020 16 17 1 0 2 15
22080 11 18 0 0 0 18
22140 13 18 0 0 0 18
22200 17 17 1 1 1 16
22260 14 17 1 0 0 17
22320 18 18 0 0 2 16
22380 12 18 0 1 0 18
22440 18 13 5 0 2 11
22500 15 17 1 1 0 17
22560 14 17 1 0 0 17
22620 15 18 0 0 0 18
22680 17 17 1 1 2 15
22740 16 17 1 1 1 16
22800 17 18 0 2 0 18
22860 16 18 0 0 0 18
22920 16 18 0 0 0 18
22980 17 17 1 0 0 17
23040 15 16 2 0 0 16
23100 14 18 0 2 0 18
23160 16 18 0 1 0 18
23220 17 17 1 0 0 17
23280 18 17 1 0 0 17
23340 13 18 0 0 0 18
23400 18 18 0 0 2 16
23460 16 18 0 1 0 18
23520 14 17 1 0 0 17
23580 17 16 2 0 1 15
23640 15 18 0 1 0 18
23700 16 18 0 0 0 18
23760 17 16 2 0 0 16
23820 15 18 0 0 1 17
23880 17 18 0 2 1 17
23940 18 17 1 0 2 15
24000 17 17 1 0 1 16
24060 17 16 2 1 1 15
24120 16 18 0 0 0 18
24180 17 18 0 0 5 13
24240 17 18 0 1 1 17
24300 13 18 0 1 1 17
24360 15 18 0 0 2 16
24420 15 18 0 0 3 15
24480 12 18 0 2 0 18
24540 13 17 1 0 0 17
24600 13 18 0 0 0 18
24660 17 17 1 0 2 15
24720 16 17 1 0 2 15
24780 16 17 1 1 1 15
24840 16 18 0 0 0 18
24900 16 17 1 1 2 15
24960 17 16 2 1 1 15
25020 14 17 1 0 0 17
25080 13 17 1 1 0 17
25140 16 18 0 0 0 18
25200 13 17 1 1 1 16
25260 16 18 0 1 0 18
25320 12 17 1 0 0 17
25380 14 18 0 1 0 18
25440 16 18 0 0 0 18
25500 18 16 2 0 2 14
25560 17 18 0 0 4 14
25620 17 17 1 1 2 15
25680 16 17 1 0 0 17
25740 18 18 0 1 2 16
25800 16 18 0 0 2 16
25860 14 17 1 2 0 17
25920 12 16 2 1 0 16
25980 15 18 0 2 1 17
26040 14 18 0 0 0 18
26100 14 18 0 1 1 17
26160 15 17 1 0 1 16
26220 16 17 1 0 0 16
26280 18 18 0 0 2 16
26340 17 16 2 0 4 12
26400 15 16 2 4 0 16
26460 18 17 1 1 1 15
26520 16 18 0 0 2 16
26580 15 17 1 1 0 16
26640 14 18 0 1 0 18
26700 15 17 1 0 2 14
26760 18 17 1 0 2 15
26820 17 17 1 0 1 16
26880 17 18 0 0 1 17
26940 11 17 1 3 0 17
27000 15 14 4 0 0 14
27060 17 18 0 1 0 18
27120 15 18 0 0 1 17
27180 17 18 0 0 1 17
27240 17 18 0 1 1 17
27300 13 16 2 0 0 15
27360 13 17 1 0 2 15
27420 15 17 1 1 1 16
27480 15 17 1 0 2 15
27540 15 18 0 0 0 18
27600 17 17 1 0 0 17
27660 15 18 0 3 0 18
27720 11 18 0 0 0 18
27780 15 17 1 0 0 16
27840 17 18 0 1 1 17
27900 17 17 1 0 0 17
27960 15 18 0 0 0 18
28020 16 17 1 1 2 15
28080 18 18 0 0 1 17
28140 18 17 1 1 2 15
28200 17 17 1 0 1 16
28260 16 18 0 0 2 14
28320 17 18 0 0 1 17
28380 17 17 1 0 1 16
28440 16 18 0 0 1 17
28500 15 17 1 0 1 16
28560 17 17 1 0 2 15
28620 18 18 0 1 1 17
28680 16 16 2 4 0 16
28740 9 18 0 0 0 18
28800 14 17 1 1 2 15
28860 17 17 1 0 3 14
28920 17 17 1 0 0 17
28980 12 17 1 1 0 17
29040 15 18 0 1 1 17
29100 15 17 1 0 1 16
29160 14 16 2 0 0 16
29220 13 18 0 0 0 18
29280 16 17 1 0 0 17
29340 16 18 0 1 0 18
29400 16 18 0 1 0 18
29460 17 17 1 1 0 17
29520 16 17 1 0 0 17
29580 16 18 0 0 0 18
29640 17 17 1 1 0 17
29700 17 16 2 0 2 14
29760 17 18 0 0 0 18
29820 17 17 1 1 1 16
29880 14 18 0 1 2 16
29940 15 16 2 0 0 16
30000 17 18 0 0 0 17
30060 16 18 0 0 2 16
30120 18 18 0 0 1 15
30180 18 18 0 0 2 16
30240 16 17 1 2 1 16
30300 13 18 0 0 1 17
30360 14 16 2 2 0 16
30420 10 17 1 0 0 17
30480 17 16 2 0 1 15
30540 18 14 4 0 2 12
30600 14 17 1 0 1 15
30660 14 17 1 0 0 17
30720 17 18 0 0 0 18
30780 15 17 1 1 2 15
30840 17 18 0 0 2 16
30900 16 17 1 1 0 17
30960 17 16 2 1 1 15
31020 15 14 4 0 0 13
31080 15 16 2 1 0 16
31140 16 17 1 0 1 16
31200 14 18 0 0 0 18
31260 17 18 0 0 2 16
31320 18 16 2 0 4 12
31380 17 16 2 0 3 13
31440 17 17 1 1 2 15
31500 17 17 1 0 0 17
31560 16 17 1 0 0 17
31620 15 17 1 1 1 16
31680 14 18 0 0 0 18
31740 17 16 2 0 1 15
31800 17 18 0 0 3 15
31860 18 16 2 0 2 14
31920 16 18 0 1 1 17
31980 14 17 1 1 0 17
32040 15 17 1 3 0 17
32100 18 15 3 1 0 15
32160 15 17 1 1 0 17
32220 17 18 0 0 2 16
32280 16 15 3 0 0 15
32340 16 16 2 1 1 15
32400 16 18 0 1 1 17
32460 17 17 1 1 0 17
32520 14 17 1 0 0 17
32580 17 16 2 0 1 15
32640 18 15 3 0 3 12
32700 18 17 1 2 3 14
32760 15 17 1 1 0 17
32820 17 18 0 1 1 17
32880 16 18 0 1 1 17
32940 16 18 0 0 1 17
33000 16 17 1 0 1 16
33060 15 18 0 1 0 18
33120 18 18 0 0 1 17
33180 15 17 1 2 2 15
33240 12 17 1 2 0 17
33300 18 17 1 0 4 13
33360 14 17 1 0 0 17
33420 15 16 2 0 0 16
33480 18 17 1 0 2 15
33540 17 17 1 0 1 16
33600 14 17 1 1 0 17
33660 15 18 0 0 3 15
33720 16 17 1 0 0 17
33780 18 18 0 0 2 16
33840 15 17 1 0 0 17
33900 18 18 0 0 0 18
33960 14 17 1 2 1 16
34020 14 17 1 0 0 17
34080 14 16 2 0 1 15
34140 16 17 1 0 3 14
34200 15 16 2 0 0 16
34260 14 16 2 0 0 16
34320 16 18 0 0 0 18
34380 17 17 1 1 0 17
34440 15 18 0 0 0 18
34500 15 17 1 0 0 17
34560 13 18 0 2 1 17
34620 18 17 1 0 3 14
34680 15 16 2 0 0 16
34740 16 17 1 0 1 16
34800 17 17 1 1 3 14
34860 17 17 1 0 1 16
34920 16 17 1 1 1 16
34980 13 17 1 0 1 16
35040 16 17 1 0 0 17
35100 14 18 0 0 2 16
35160 16 16 2 0 0 16
35220 16 18 0 1 0 18
35280 14 17 1 2 1 16
35340 16 17 1 0 2 15
35400 14 18 0 1 0 18
35460 15 17 1 0 1 16
35520 16 18 0 3 0 18
35580 11 17 1 0 0 17
35640 12 18 0 1 1 17
35700 18 16 2 0 3 13
35760 15 16 2 1 1 14
35820 15 17 1 2 0 17
35880 14 17 1 1 0 17
35940 16 17 1 0 1 16
36000 15 18 0 0 0 18
36060 11 17 1 1 1 16
36120 17 18 0 0 0 18
36180 17 18 0 0 0 18
36240 18 18 0 1 1 17
36300 15 18 0 0 0 18
36360 16 16 2 0 1 15
36420 17 18 0 0 0 18
36480 13 17 1 2 0 17
36540 15 18 0 0 0 18
36600 15 18 0 0 0 18
36660 14 18 0 1 2 16
36720 15 17 1 1 0 17
36780 15 18 0 2 1 17
36840 12 18 0 1 0 18
36900 15 17 1 0 0 17
36960 16 16 2 0 0 16
37020 16 15 3 0 0 15
37080 18 18 0 1 0 18
37140 15 17 1 1 0 17
37200 17 18 0 0 0 18
37260 14 17 1 0 0 16
37320 15 16 2 3 1 15
37380 17 17 1 0 5 12
37440 15 17 1 1 2 15
37500 15 18 0 0 0 18
37560 15 18 0 2 1 17
37620 16 17 1 0 2 15
37680 17 18 0 2 0 18
37740 16 18 0 0 2 15
37800 16 17 1 1 1 16
37860 16 18 0 1 0 18
37920 17 18 0 1 1 17
37980 16 17 1 0 0 16
38040 15 17 1 1 0 17
38100 13 18 0 0 0 18
38160 14 18 0 0 0 18
38220 16 18 0 1 0 18
38280 17 16 2 0 2 13
38340 13 18 0 0 0 17
38400 15 17 1 1 0 17
38460 15 18 0 0 1 17
38520 14 18 0 0 0 18
38580 16 17 1 0 1 15
38640 16 18 0 0 0 18
38700 16 18 0 0 2 16
38760 15 18 0 0 0 18
38820 16 18 0 0 1 17
38880 17 16 2 0 1 15
38940 16 17 1 0 0 17
39000 17 18 0 0 0 17
39060 16 16 2 0 0 16
39120 14 18 0 0 1 16
39180 18 18 0 0 2 15
39240 17 17 1 0 3 14
39300 16 17 1 0 0 17
39360 18 18 0 1 0 18
39420 16 17 1 1 2 15
39480 16 18 0 3 0 18
39540 17 18 0 1 0 18
39600 17 17 1 0 1 16
39660 17 16 2 2 0 16
39720 15 17 1 0 0 17
39780 17 18 0 1 0 18
39840 16 18 0 1 1 17
39900 17 17 1 1 1 16
39960 15 17 1 0 0 17
40020 17 16 2 0 0 16
40080 17 16 2 0 1 15
40140 17 18 0 0 1 17
40200 15 17 1 0 0 17
40260 14 18 0 0 0 18
40320 14 18 0 0 0 18
40380 17 18 0 0 3 15
40440 18 18 0 1 0 18
40500 14 17 1 2 0 17
40560 12 16 2 0 1 15
40620 14 17 1 2 0 17
40680 16 17 1 0 0 17
40740 15 16 2 0 0 16
40800 15 18 0 0 1 17
40860 17 17 1 0 0 17
40920 16 17 1 1 0 17
40980 16 17 1 3 0 17
41040 16 18 0 0 2 16
41100 17 17 1 0 1 16
41160 17 17 1 0 2 15
41220 13 16 2 1 0 16
41280 18 18 0 0 1 17
41340 16 17 1 1 0 17
41400 15 17 1 0 0 17
41460 17 17 1 0 1 16
41520 17 16 2 0 1 15
41580 14 18 0 2 0 18
41640 17 16 2 0 3 13
41700 16 18 0 0 0 18
41760 15 17 1 0 0 17
41820 16 18 0 0 1 17
41880 17 16 2 0 1 15
41940 17 17 1 0 2 15
42000 14 16 2 0 0 16
42060 16 14 4 1 1 13
42120 15 18 0 0 1 17
42180 17 15 3 1 1 14
42240 15 17 1 0 2 14
42300 17 16 2 0 1 15
42360 11 18 0 1 0 18
42420 12 16 2 1 0 16
42480 15 18 0 0 0 18
42540 16 18 0 1 1 17
42600 17 18 0 0 0 18
42660 17 17 1 1 0 17
42720 9 18 0 1 0 18
42780 16 16 2 0 1 15
42840 18 17 1 1 1 15
42900 15 18 0 0 1 17
42960 17 16 2 0 2 14
43020 18 17 1 0 2 15
43080 17 17 1 0 2 15
43140 17 18 0 0 1 17
43200 14 17 1 0 0 17
43260 16 18 0 0 1 17
43320 17 17 1 1 0 17
43380 12 18 0 1 0 18
43440 16 18 0 0 3 15
43500 16 17 1 0 0 17
43560 18 17 1 0 2 15
43620 16 18 0 1 2 16
43680 13 18 0 1 0 18
43740 13 18 0 2 0 18
43800 17 18 0 0 1 17
43860 14 16 2 1 0 16
43920 17 17 1 1 0 17
43980 15 18 0 0 1 17
44040 15 17 1 0 1 15
44100 14 18 0 0 2 16
44160 16 18 0 1 3 15
44220 17 17 1 0 0 17
44280 15 15 3 1 1 14
44340 16 18 0 0 3 15
44400 16 18 0 0 1 17
44460 17 16 2 1 1 15
44520 16 18 0 2 0 18
44580 14 18 0 0 0 18
44640 18 17 1 1 2 15
44700 17 18 0 0 2 16
44760 17 18 0 1 0 18
44820 16 18 0 0 1 17
44880 15 18 0 0 2 16
44940 18 15 3 0 2 12
45000 15 16 2 0 1 15
45060 15 17 1 1 0 17
45120 18 17 1 1 0 17
45180 15 16 2 1 0 16
45240 17 17 1 1 0 16
45300 14 17 1 0 0 17
45360 17 18 0 0 2 16
45420 18 18 0 0 2 15
45480 18 18 0 0 1 17
45540 16 18 0 1 0 18
45600 16 16 2 0 1 15
45660 13 16 2 1 0 16
45720 15 17 1 1 1 16
45780 14 16 2 0 1 15
45840 17 17 1 0 2 15
45900 16 18 0 1 0 18
45960 12 17 1 1 0 17
46020 15 17 1 0 1 16
46080 14 16 2 1 0 16
46140 13 17 1 0 2 15
46200 14 18 0 1 0 18
46260 15 18 0 0 0 17
46320 15 18 0 1 0 18
46380 14 16 2 0 0 16
46440 10 18 0 1 0 18
46500 12 16 2 0 0 16
46560 16 18 0 0 0 18
46620 17 17 1 0 8 9
46680 17 18 0 0 1 17
46740 14 18 0 0 1 17
46800 17 17 1 0 1 16
46860 13 17 1 0 0 17
46920 14 15 3 0 0 15
46980 16 18 0 0 0 18
47040 13 18 0 2 0 18
47100 16 16 2 1 1 15
47160 17 18 0 1 0 18
47220 17 18 0 0 2 15
47280 14 17 1 1 0 17
47340 18 18 0 0 2 16
47400 17 16 2 3 0 16
47460 17 18 0 0 1 17
47520 17 17 1 0 2 15
47580 12 18 0 0 0 18
47640 15 17 1 1 0 17
47700 18 18 0 0 6 12
47760 16 18 0 0 2 16
47820 16 17 1 0 0 17
47880 16 17 1 0 1 16
47940 15 18 0 0 0 18
48000 17 17 1 1 0 17
48060 13 18 0 3 0 18
48120 16 15 3 1 1 14
48180 16 18 0 0 1 16
48240 17 17 1 0 2 14
48300 15 18 0 1 0 18
48360 15 17 1 1 0 17
48420 13 18 0 0 1 17
48480 15 15 3 2 0 15
48540 15 18 0 1 0 18
48600 14 18 0 0 0 18
48660 15 17 1 0 1 16
48720 16 18 0 1 0 18
48780 18 18 0 0 2 16
48840 17 16 2 0 0 15
48900 18 17 1 0 3 14
48960 17 17 1 0 0 17
49020 16 18 0 0 2 16
49080 14 16 2 2 0 16
49140 13 15 3 2 0 15
49200 11 18 0 0 0 18
49260 17 16 2 2 2 14
49320 14 17 1 1 0 17
49380 18 16 2 0 1 15
49440 17 18 0 0 0 18
49500 17 18 0 0 3 15
49560 15 17 1 1 0 17
49620 16 18 0 0 1 17
49680 18 18 0 1 1 17
49740 18 18 0 0 1 17
49800 14 18 0 2 3 15
49860 16 16 2 1 1 15
49920 17 17 1 0 1 16
49980 18 15 3 1 0 15
50040 15 18 0 0 0 18
50100 15 16 2 0 1 15
50160 15 16 2 0 1 15
50220 16 18 0 0 0 18
50280 17 18 0 1 0 18
50340 16 18 0 4 1 17
50400 14 18 0 0 2 16
50460 15 16 2 0 2 14
50520 16 14 4 0 0 14
50580 17 18 0 0 1 17
50640 13 17 1 1 1 16
50700 13 17 1 1 0 17
50760 14 17 1 0 0 17
50820 15 18 0 1 0 18
50880 17 18 0 0 1 16
50940 14 16 2 0 0 16
51000 17 18 0 0 2 16
51060 14 17 1 1 0 17
51120 14 18 0 0 1 17
51180 17 18 0 0 2 16
51240 13 18 0 0 1 17
51300 17 16 2 1 0 16
51360 14 17 1 1 1 16
51420 15 17 1 0 0 17
51480 15 18 0 0 1 17
51540 17 17 1 0 0 17
51600 18 18 0 0 3 15
51660 17 17 1 0 0 17
51720 13 18 0 0 0 18
51780 16 18 0 3 0 18
51840 16 17 1 1 2 15
51900 16 18 0 0 0 18
51960 15 17 1 0 1 16
52020 15 15 3 0 0 15
52080 16 16 2 1 0 16
52140 16 18 0 0 1 17
52200 18 17 1 0 3 14
52260 15 17 1 0 0 17
52320 13 17 1 0 0 17
52380 16 17 1 0 0 17
52440 17 17 1 0 1 16
52500 16 18 0 0 0 18
52560 16 18 0 0 1 17
52620 16 18 0 1 0 18
52680 16 17 1 4 0 17
52740 17 18 0 0 0 18
52800 17 17 1 0 1 16
52860 16 17 1 3 0 17
52920 13 17 1 3 0 17
52980 15 18 0 1 0 18
53040 16 18 0 0 0 18
53100 14 17 1 1 1 16
53160 17 17 1 0 0 17
53220 17 17 1 1 0 15
53280 15 15 3 2 0 15
53340 15 17 1 2 1 16
53400 16 18 0 1 1 17
53460 16 18 0 1 1 17
53520 15 18 0 0 2 16
53580 16 16 2 0 1 15
53640 17 17 1 0 2 15
53700 14 16 2 2 0 16
53760 16 17 1 0 1 16
53820 14 18 0 0 0 18
53880 15 15 3 1 0 15
53940 18 18 0 0 2 15
54000 14 18 0 0 0 18
54060 17 17 1 0 1 16
54120 16 17 1 0 1 16
54180 17 16 2 0 1 14
54240 17 17 1 0 1 16
54300 13 18 0 1 0 18
54360 15 18 0 0 1 17
54420 13 16 2 0 0 16
54480 14 17 1 2 1 16
54540 16 17 1 1 1 16
54600 16 17 1 0 1 16
54660 18 18 0 0 5 13
54720 14 18 0 0 1 17
54780 13 18 0 0 0 18
54840 16 16 2 2 1 15
54900 12 16 2 1 0 16
54960 15 18 0 0 1 17
55020 14 18 0 0 0 18
55080 18 16 2 0 2 14
55140 14 17 1 1 0 17
55200 15 16 2 1 0 16
55260 13 18 0 1 1 16
55320 18 17 1 0 1 16
55380 15 16 2 2 1 15
55440 16 18 0 0 0 18
55500 18 17 1 0 3 14
55560 12 17 1 3 0 17
55620 16 16 2 0 0 16
55680 13 16 2 1 1 15
55740 14 15 3 0 0 15
55800 12 18 0 1 0 18
55860 13 18 0 0 0 18
55920 15 18 0 2 1 17
55980 16 17 1 0 1 16
56040 16 18 0 0 0 18
56100 17 17 1 0 1 16
56160 16 18 0 0 1 16
56220 15 18 0 1 0 18
56280 12 16 2 2 0 16
56340 11 16 2 0 0 16
56400 15 18 0 0 0 18
56460 18 17 1 0 2 15
56520 16 17 1 1 3 14
56580 13 18 0 0 1 17
56640 17 18 0 1 0 18
56700 18 16 2 0 2 14
56760 16 18 0 0 1 17
56820 16 16 2 0 0 16
56880 17 17 1 1 0 17
56940 18 18 0 0 0 18
57000 17 18 0 0 2 16
57060 18 17 1 0 5 12
57120 14 18 0 1 2 16
57180 16 17 1 0 2 15
57240 16 17 1 1 0 17
57300 15 16 2 1 0 16
57360 15 17 1 1 0 17
57420 16 18 0 1 1 17
57480 14 18 0 0 1 17
57540 17 18 0 1 1 17
57600 16 17 1 1 0 17
57660 16 17 1 1 0 17
57720 17 17 1 3 0 17
57780 15 18 0 0 1 17
57840 17 18 0 0 1 17
57900 16 16 2 0 0 16
57960 17 16 2 0 4 12
58020 15 17 1 0 0 17
58080 13 18 0 0 0 18
58140 14 18 0 1 2 16
58200 14 17 1 0 2 15
58260 16 17 1 0 0 17
58320 15 18 0 1 0 18
58380 16 16 2 2 0 16
58440 18 15 3 0 3 12
58500 16 18 0 0 0 18
58560 16 18 0 0 3 15
58620 15 17 1 1 1 16
58680 16 18 0 0 2 15
58740 18 18 0 0 0 18
58800 18 16 2 2 0 16
58860 16 18 0 0 2 15
58920 15 18 0 0 2 16
58980 14 18 0 0 0 18
59040 17 16 2 0 1 15
59100 13 16 2 1 1 15
59160 15 17 1 0 0 17
59220 15 17 1 0 1 16
59280 15 18 0 1 0 17
59340 18 18 0 0 1 17
59400 16 16 2 0 0 16
59460 15 17 1 0 1 16
59520 16 18 0 0 1 17
59580 17 18 0 2 1 17
59640 12 17 1 0 0 17
59700 17 15 3 0 1 14
59760 15 17 1 0 2 15
59820 16 18 0 0 0 18
59880 18 18 0 1 1 17
59940 15 18 0 1 0 18
60000 15 17 1 0 0 17
60060 17 17 1 2 1 16
60120 17 18 0 0 0 18
60180 17 15 3 0 0 15
60240 13 17 1 0 1 16
60300 14 16 2 1 0 16
60360 17 18 0 0 1 17
60420 17 17 1 2 0 17
60480 14 18 0 3 1 17
60540 17 15 3 1 0 15
60600 16 17 1 0 1 16
60660 17 17 1 1 0 17
60720 14 18 0 1 0 18
60780 14 17 1 0 1 16
60840 16 18 0 1 0 18
60900 16 18 0 0 0 18
60960 14 18 0 1 2 16
61020 16 18 0 0 2 16
61080 16 17 1 0 1 16
61140 16 18 0 0 0 18
61200 13 17 1 0 2 15
61260 15 18 0 0 1 16
61320 14 18 0 0 0 18
61380 15 18 0 2 0 18
61440 17 17 1 0 0 17
61500 17 17 1 0 2 15
61560 18 17 1 0 2 15
61620 18 18 0 0 3 15
61680 16 18 0 0 0 18
61740 12 18 0 0 1 17
61800 16 17 1 1 0 17
61860 15 16 2 0 1 15
61920 15 18 0 0 0 18
61980 13 17 1 2 0 17
62040 16 18 0 0 2 16
62100 13 15 3 1 0 15
62160 17 16 2 0 1 15
62220 16 18 0 1 0 16
62280 17 17 1 0 0 16
62340 16 18 0 0 1 17
62400 15 18 0 0 0 18
62460 15 15 3 0 0 15
62520 14 17 1 0 0 17
62580 17 17 1 2 0 17
62640 13 16 2 0 0 16
62700 18 18 0 0 1 17
62760 18 18 0 1 1 17
62820 17 17 1 0 0 17
62880 18 17 1 0 3 13
62940 9 18 0 0 0 18
63000 7 18 0 0 0 18
63060 14 16 2 1 0 16
63120 17 16 2 0 2 14
63180 18 16 2 1 1 15
63240 17 17 1 0 4 13
63300 17 17 1 1 0 17
63360 18 18 0 0 2 16
63420 15 18 0 1 0 18
63480 15 18 0 0 0 18
63540 17 17 1 0 1 16
63600 16 14 4 0 1 13
63660 15 17 1 0 2 15
63720 18 17 1 0 2 15
63780 11 18 0 0 1 17
63840 15 17 1 1 0 17
63900 14 18 0 0 0 18
63960 17 16 2 0 2 14
64020 15 17 1 5 0 17
64080 16 18 0 1 0 18
64140 13 18 0 1 0 18
64200 14 18 0 0 1 17
64260 10 18 0 0 1 17
64320 17 16 2 0 1 15
64380 15 17 1 1 0 17
64440 16 17 1 0 1 16
64500 10 17 1 2 0 17
64560 17 17 1 0 3 14
64620 16 17 1 0 2 15
64680 14 15 3 0 1 14
64740 16 18 0 1 2 16
64800 16 16 2 1 0 16
64860 18 18 0 1 0 18
64920 17 18 0 0 1 17
64980 16 17 1 0 0 17
65040 16 16 2 1 0 16
65100 15 18 0 0 0 18
65160 15 17 1 2 0 17
65220 16 18 0 0 0 18
65280 16 18 0 2 0 18
65340 15 17 1 1 0 17
65400 16 18 0 0 1 17
65460 17 18 0 0 0 18
65520 16 18 0 0 1 17
65580 16 16 2 1 1 15
65640 16 17 1 0 3 14
65700 16 17 1 1 0 17
65760 18 17 1 0 1 16
65820 17 16 2 1 0 16
65880 15 17 1 0 0 17
65940 14 18 0 0 1 17
66000 16 16 2 0 1 14
66060 12 16 2 0 0 16
66120 10 17 1 1 0 17
66180 13 18 0 2 0 18
66240 17 18 0 1 0 18
66300 16 17 1 0 0 17
66360 16 17 1 0 2 15
66420 16 17 1 0 1 16
66480 16 18 0 2 1 17
66540 13 18 0 1 0 18
66600 16 18 0 1 0 18
66660 18 17 1 1 2 15
66720 12 18 0 0 0 18
66780 12 17 1 1 1 16
66840 18 17 1 0 3 14
66900 14 18 0 1 0 18
66960 16 15 3 0 1 14
67020 18 17 1 0 2 15
67080 17 18 0 2 2 16
67140 16 17 1 1 0 17
67200 15 17 1 0 2 15
67260 16 18 0 0 0 17
67320 16 15 3 0 2 13
67380 16 16 2 0 0 16
67440 16 17 1 0 0 17
67500 18 17 1 1 2 15
67560 15 16 2 1 2 14
67620 10 16 2 3 0 16
67680 11 17 1 0 0 17
67740 14 18 0 1 3 15
67800 14 16 2 0 2 14
67860 14 17 1 2 0 17
67920 12 17 1 2 1 16
67980 15 17 1 1 1 16
68040 17 17 1 2 0 17
68100 14 17 1 0 0 17
68160 14 16 2 0 0 15
68220 18 17 1 0 3 14
68280 17 17 1 0 2 15
68340 17 17 1 0 1 16
68400 14 17 1 0 1 16
68460 17 17 1 0 0 17
68520 18 18 0 0 2 16
68580 15 16 2 0 0 16
68640 17 16 2 0 0 16
68700 16 17 1 1 0 17
68760 18 17 1 0 1 16
68820 17 17 1 1 2 15
68880 18 16 2 0 2 14
68940 15 18 0 1 1 17
69000 14 16 2 0 0 16
69060 15 15 3 0 0 15
69120 15 16 2 1 1 15
69180 16 18 0 1 1 17
69240 11 18 0 1 2 16
69300 16 15 3 1 1 13
69360 15 18 0 1 1 16
69420 9 15 3 0 0 15
69480 15 17 1 1 0 17
69540 14 18 0 0 0 18
69600 11 18 0 1 0 18
69660 13 15 3 0 0 15
69720 15 18 0 1 1 17
69780 15 18 0 1 0 18
69840 16 18 0 2 3 15
69900 13 18 0 2 0 18
69960 15 18 0 0 1 17
70020 14 18 0 0 0 18
70080 16 17 1 0 0 17
70140 17 18 0 1 1 17
70200 11 16 2 0 0 16
70260 16 18 0 0 0 18
70320 13 16 2 0 0 16
70380 15 17 1 0 0 17
70440 17 16 2 1 1 15
70500 12 16 2 0 1 15
70560 15 18 0 0 1 17
70620 15 17 1 0 0 16
70680 14 18 0 1 0 18
70740 14 17 1 0 0 17
70800 15 18 0 2 1 17
70860 18 17 1 1 1 16
70920 16 16 2 0 0 16
70980 16 17 1 1 3 14
71040 13 17 1 0 2 15
71100 17 17 1 1 0 17
71160 16 18 0 0 0 18
71220 15 18 0 0 2 15
71280 17 17 1 0 2 15
71340 15 17 1 0 2 15
71400 14 18 0 0 1 17
71460 17 18 0 0 2 16
71520 17 18 0 0 3 15
71580 16 16 2 0 1 15
71640 16 18 0 1 0 18
71700 13 18 0 2 0 18
71760 15 18 0 0 0 18
71820 17 17 1 0 2 15
71880 16 16 2 0 2 14
71940 17 17 1 0 3 14
72000 17 17 1 0 1 16
72060 14 17 1 0 0 17
72120 17 17 1 1 0 17
72180 17 18 0 0 4 14
72240 17 17 1 2 3 14
72300 17 16 2 2 0 16
72360 16 16 2 0 2 14
72420 16 18 0 3 0 18
72480 17 17 1 0 2 15
72540 17 18 0 0 1 16
72600 17 18 0 0 0 18
72660 17 17 1 1 1 16
72720 17 18 0 0 0 18
72780 14 18 0 1 0 18
72840 13 18 0 0 0 18
72900 12 16 2 3 0 16
72960 16 17 1 0 0 17
73020 18 18 0 0 2 16
73080 17 15 3 1 1 14
73140 15 18 0 0 0 18
73200 14 18 0 0 0 18
73260 15 18 0 2 0 18
73320 11 18 0 1 0 18
73380 17 16 2 1 0 16
73440 17 16 2 1 2 14
73500 11 18 0 3 0 18
73560 16 17 1 0 1 16
73620 16 18 0 0 0 18
73680 18 18 0 0 5 13
73740 18 18 0 0 3 15
73800 17 16 2 0 3 13
73860 17 18 0 1 0 18
73920 16 18 0 0 1 17
73980 17 17 1 0 0 17
74040 12 18 0 1 1 17
74100 16 17 1 0 2 15
74160 18 17 1 0 2 15
74220 13 17 1 0 1 16
74280 16 18 0 0 0 18
74340 16 18 0 0 0 18
74400 15 18 0 0 0 18
74460 16 17 1 2 0 17
74520 17 17 1 0 0 17
74580 16 17 1 0 2 15
74640 16 17 1 0 1 16
74700 18 17 1 1 0 17
74760 14 17 1 0 0 17
74820 12 18 0 0 0 18
74880 14 18 0 0 0 18
74940 17 17 1 0 0 17
75000 15 17 1 0 1 16
75060 16 18 0 0 1 17
75120 15 17 1 1 1 16
75180 15 16 2 0 0 16
75240 17 16 2 2 0 16
75300 16 17 1 0 0 17
75360 14 17 1 0 1 15
75420 17 18 0 2 0 18
75480 17 16 2 0 1 15
75540 17 17 1 0 3 14
75600 14 18 0 1 1 17
75660 12 18 0 0 0 18
75720 14 18 0 0 0 18
75780 13 18 0 0 1 17
75840 15 16 2 1 1 15
75900 15 17 1 3 0 17
75960 16 17 1 0 0 16
76020 17 17 1 0 0 17
76080 17 18 0 0 2 16
76140 17 17 1 1 0 17
76200 16 18 0 0 2 16
76260 13 17 1 2 1 16
76320 13 17 1 1 0 17
76380 16 18 0 0 0 18
76440 13 18 0 0 0 18
76500 18 16 2 0 3 13
76560 17 17 1 0 0 17
76620 16 17 1 1 1 16
76680 16 17 1 1 2 15
76740 17 18 0 1 1 17
76800 17 17 1 2 0 17
76860 16 17 1 1 0 17
76920 17 17 1 0 3 14
76980 16 18 0 1 0 18
77040 15 18 0 0 0 18
77100 13 17 1 0 0 17
77160 13 18 0 1 0 18
77220 14 18 0 0 0 18
77280 16 18 0 0 1 17
77340 16 18 0 0 0 18
77400 16 16 2 0 1 15
77460 14 18 0 1 0 18
77520 18 18 0 0 0 18
77580 17 16 2 0 2 14
77640 18 17 1 0 4 13
77700 15 18 0 1 1 17
77760 17 17 1 0 3 14
77820 18 17 1 0 4 13
77880 13 18 0 1 1 17
77940 16 16 2 0 2 14
78000 18 18 0 0 0 18
78060 15 16 2 0 1 15
78120 17 16 2 0 2 14
78180 18 15 3 1 3 12
78240 17 17 1 0 1 16
78300 15 17 1 1 0 17
78360 15 17 1 0 1 16
78420 15 18 0 1 0 18
78480 12 17 1 1 0 17
78540 18 18 0 0 0 18
78600 17 15 3 0 0 15
78660 17 16 2 0 1 15
78720 17 17 1 0 4 13
78780 18 18 0 0 1 16
78840 17 17 1 0 0 16
78900 18 18 0 0 2 16
78960 15 16 2 1 2 14
79020 16 17 1 0 1 16
79080 16 17 1 2 0 16
79140 17 15 3 1 1 14
79200 15 18 0 0 1 17
79260 17 18 0 1 1 17
79320 13 17 1 0 0 17
79380 12 18 0 2 0 18
79440 14 16 2 0 0 16
79500 9 18 0 3 0 18
79560 16 18 0 1 0 18
79620 15 17 1 0 1 16
79680 15 17 1 0 0 17
79740 14 18 0 2 0 18
79800 17 18 0 1 1 17
79860 17 17 1 1 0 17
79920 15 15 3 0 0 15
79980 14 16 2 0 1 15
80040 11 18 0 4 0 18
80100 17 16 2 0 3 13
80160 17 16 2 0 1 15
80220 14 18 0 2 1 16
80280 10 17 1 1 0 17
80340 14 16 2 2 0 16
80400 14 17 1 1 2 15
80460 16 16 2 0 1 15
80520 15 18 0 1 0 18
80580 16 18 0 0 1 17
80640 18 17 1 0 1 16
80700 16 17 1 0 2 15
80760 18 18 0 0 2 16
80820 15 17 1 1 4 13
80880 14 18 0 1 0 18
80940 18 17 1 0 1 16
81000 17 17 1 0 3 13
81060 15 17 1 2 1 16
81120 13 17 1 0 1 16
81180 16 17 1 2 0 17
81240 17 17 1 0 1 16
81300 16 18 0 0 1 17
81360 17 17 1 0 1 16
81420 16 18 0 1 1 17
81480 13 17 1 0 1 16
81540 16 15 3 0 1 14
81600 16 16 2 3 0 16
81660 15 18 0 0 0 18
81720 14 17 1 1 0 17
81780 16 17 1 0 0 17
81840 18 17 1 1 1 16
81900 16 17 1 1 2 15
81960 16 18 0 0 0 18
82020 18 18 0 0 1 17
82080 15 17 1 0 2 15
82140 17 18 0 2 1 17
82200 18 17 1 1 0 17
82260 18 18 0 0 1 17
82320 16 18 0 0 0 18
82380 16 18 0 0 1 17
82440 15 18 0 1 0 18
82500 14 16 2 0 1 15
82560 13 18 0 0 2 16
82620 15 17 1 1 0 17
82680 15 18 0 0 0 18
82740 13 18 0 0 1 17
82800 18 17 1 0 2 15
82860 16 18 0 0 1 17
82920 16 18 0 0 2 16
82980 18 17 1 0 3 14
83040 12 18 0 1 1 17
83100 17 15 3 0 0 14
83160 16 17 1 5 1 16
83220 16 18 0 0 0 17
83280 15 17 1 0 3 14
83340 17 17 1 0 0 17
83400 10 18 0 0 0 17
83460 13 17 1 0 0 16
83520 15 18 0 0 1 17
83580 17 18 0 0 0 18
83640 16 16 2 1 1 15
83700 17 18 0 0 5 13
83760 16 18 0 0 4 14
83820 13 16 2 0 1 15
83880 17 17 1 0 0 17
83940 15 18 0 0 1 17
84000 13 16 2 2 1 15
84060 15 17 1 1 1 16
84120 14 18 0 0 0 18
84180 14 16 2 0 0 16
84240 14 17 1 0 0 17
84300 15 16 2 0 3 13
84360 17 17 1 1 1 16
84420 15 17 1 0 0 16
84480 15 18 0 1 0 18
84540 15 18 0 1 0 18
84600 16 18 0 0 1 17
84660 16 16 2 0 0 16
84720 14 18 0 2 0 18
84780 17 17 1 1 1 16
84840 16 18 0 1 0 18
84900 18 17 1 0 1 16
84960 14 18 0 1 0 18
85020 14 18 0 3 0 18
85080 17 17 1 1 0 17
85140 12 18 0 1 0 18
85200 12 17 1 0 1 16
85260 11 18 0 0 0 18
85320 17 18 0 0 3 15
85380 18 18 0 0 2 16
85440 17 17 1 1 0 17
85500 16 16 2 0 1 15
85560 15 16 2 0 0 16
85620 13 16 2 2 0 16
85680 18 17 1 1 0 17
85740 14 18 0 2 0 18
85800 14 17 1 0 1 16
85860 17 18 0 1 2 16
85920 16 17 1 0 1 15
85980 16 15 3 0 0 15
86040 17 17 1 0 2 15
86100 16 18 0 0 0 18
86160 13 18 0 0 0 18
86220 17 17 1 1 0 17
86280 12 17 1 0 0 17
86340 15 17 1 1 0 17
86400 18 15 3 2 1 14
