time CaMKII* CaMKII6 CaMKII7 PP1 x y
120 17 18 0 0 1 17
180 18 18 0 0 3 15
240 16 18 0 0 6 12
300 17 17 1 0 3 14
360 16 17 1 0 0 16
420 18 17 1 0 2 15
480 16 18 0 1 2 16
540 16 18 0 0 1 17
600 17 17 1 0 2 15
660 15 17 1 0 2 15
720 18 18 0 0 1 17
780 18 17 1 0 3 14
840 16 18 0 1 2 16
900 17 18 0 0 1 17
960 18 16 2 0 3 13
1020 15 17 1 1 3 14
1080 16 17 1 1 0 17
1140 16 18 0 0 0 18
1200 17 18 0 0 2 16
1260 17 15 3 0 4 11
1320 18 14 4 0 1 13
1380 16 17 1 0 1 16
1440 17 18 0 0 0 18
1500 18 17 1 1 2 15
1560 18 17 1 0 2 15
1620 17 17 1 0 8 9
1680 18 17 1 0 4 13
1740 18 17 1 0 1 16
1800 18 16 2 0 5 11
1860 18 18 0 0 0 18
1920 17 18 0 0 1 17
1980 18 17 1 0 0 17
2040 16 17 1 0 1 16
2100 18 17 1 1 1 16
2160 16 16 2 0 2 14
2220 16 18 0 0 0 18
2280 17 18 0 0 1 17
2340 17 18 0 0 1 17
2400 17 17 1 0 1 16
2460 15 17 1 1 1 16
2520 18 18 0 1 3 15
2580 16 17 1 0 1 16
2640 18 18 0 1 1 17
2700 17 17 1 0 2 15
2760 18 17 1 1 1 16
2820 18 17 1 0 1 16
2880 17 16 2 0 2 13
2940 18 17 1 0 1 16
3000 18 17 1 0 5 12
3060 15 16 2 1 0 16
3120 18 18 0 0 2 16
3180 17 16 2 0 0 16
3240 18 17 1 0 1 16
3300 16 17 1 0 1 16
3360 18 18 0 0 1 17
3420 16 17 1 0 2 15
3480 18 18 0 0 3 15
3540 17 15 3 0 1 14
3600 18 17 1 0 4 13
3660 18 17 1 1 1 16
3720 17 17 1 0 3 14
3780 15 17 1 0 1 16
3840 17 18 0 0 0 18
3900 16 17 1 0 1 16
3960 17 17 1 0 2 15
4020 17 16 2 0 0 16
4080 18 17 1 0 1 16
4140 18 17 1 0 3 14
4200 15 18 0 0 1 17
4260 18 17 1 0 5 12
4320 18 17 1 0 5 12
4380 17 17 1 0 2 15
4440 18 16 2 0 1 15
4500 18 18 0 0 5 13
4560 18 18 0 0 1 17
4620 17 17 1 0 6 11
4680 17 17 1 0 3 14
4740 18 18 0 0 4 14
4800 18 18 0 0 7 11
4860 18 18 0 0 3 15
4920 17 17 1 0 0 17
4980 17 17 1 0 0 17
5040 17 16 2 0 2 14
5100 18 17 1 0 2 14
5160 18 17 1 0 2 15
5220 18 16 2 0 2 14
5280 18 17 1 0 3 14
5340 18 17 1 0 2 15
5400 18 17 1 0 4 13
5460 18 18 0 0 2 16
5520 18 17 1 0 4 13
5580 17 18 0 0 7 11
5640 18 18 0 0 1 17
5700 18 16 2 0 1 15
5760 18 16 2 0 1 15
5820 17 18 0 0 1 17
5880 17 18 0 0 1 17
5940 18 18 0 0 3 14
6000 16 16 2 1 1 15
6060 16 16 2 0 0 16
6120 16 16 2 0 1 15
6180 18 17 1 1 6 11
6240 18 18 0 0 4 14
6300 17 17 1 0 1 16
6360 18 16 2 0 2 14
6420 17 17 1 0 0 16
6480 17 17 1 0 2 15
6540 16 18 0 0 2 16
6600 16 17 1 0 1 15
6660 18 18 0 0 1 17
6720 16 17 1 0 2 15
6780 18 17 1 1 3 14
6840 18 17 1 0 1 16
6900 18 18 0 0 4 14
6960 18 16 2 0 2 14
7020 17 15 3 0 4 11
7080 17 17 1 0 0 17
7140 18 15 3 0 0 15
7200 18 17 1 1 2 15
7260 17 16 2 0 1 15
7320 17 16 2 0 3 13
7380 15 18 0 0 0 18
7440 16 18 0 1 0 18
7500 16 18 0 0 1 17
7560 16 18 0 0 1 17
7620 18 17 1 0 1 16
7680 18 18 0 0 3 15
7740 18 18 0 0 1 16
7800 18 18 0 0 0 18
7860 17 17 1 0 0 17
7920 17 17 1 0 1 16
7980 18 16 2 0 3 13
8040 17 17 1 0 2 15
8100 18 17 1 0 3 14
8160 18 17 1 0 3 14
8220 17 17 1 0 5 12
8280 15 17 1 0 0 16
8340 17 17 1 0 0 17
8400 18 18 0 1 1 17
8460 18 16 2 1 0 16
8520 17 17 1 0 1 16
8580 18 17 1 0 3 13
8640 17 18 0 0 5 13
8700 18 17 1 0 7 10
8760 15 18 0 0 2 16
8820 18 17 1 0 1 16
8880 18 18 0 0 4 14
8940 18 18 0 1 0 18
9000 17 18 0 0 1 17
9060 18 17 1 0 8 9
9120 16 16 2 0 1 15
9180 17 16 2 1 0 16
9240 18 15 3 0 3 12
9300 18 18 0 0 4 14
9360 17 17 1 0 0 16
9420 18 17 1 0 1 16
9480 18 18 0 1 0 18
9540 18 17 1 0 1 16
9600 18 18 0 0 3 15
9660 17 18 0 0 4 14
9720 16 18 0 1 4 14
9780 14 17 1 1 2 15
9840 15 17 1 0 0 17
9900 15 18 0 0 3 15
9960 18 17 1 0 3 13
10020 16 16 2 0 2 14
10080 16 18 0 0 1 17
10140 18 17 1 0 0 16
10200 14 18 0 0 0 18
10260 17 17 1 0 0 17
10320 18 18 0 0 3 15
10380 14 17 1 0 2 15
10440 17 18 0 0 7 11
10500 18 17 1 0 3 14
10560 10 18 0 0 0 18
10620 18 16 2 0 1 15
10680 16 17 1 0 2 15
10740 16 18 0 0 0 18
10800 18 18 0 0 4 14
10860 17 17 1 0 3 14
10920 18 17 1 0 3 14
10980 18 18 0 0 2 16
11040 18 17 1 0 3 14
11100 17 17 1 0 4 13
11160 18 17 1 0 1 16
11220 16 18 0 0 1 17
11280 16 16 2 0 1 15
11340 18 16 2 1 0 16
11400 18 17 1 0 4 13
11460 18 18 0 0 8 10
11520 18 17 1 0 4 13
11580 18 18 0 0 2 16
11640 16 15 3 0 2 13
11700 18 18 0 0 3 15
11760 16 17 1 0 6 11
11820 18 18 0 0 0 18
11880 18 16 2 0 4 12
11940 16 17 1 0 0 17
12000 15 18 0 0 2 16
12060 17 17 1 1 0 17
12120 18 16 2 0 6 10
12180 17 17 1 0 2 15
12240 18 18 0 0 3 15
12300 16 17 1 0 1 16
12360 18 18 0 0 2 16
12420 18 15 3 0 3 12
12480 17 18 0 0 4 14
12540 18 18 0 1 4 14
12600 17 18 0 1 2 16
12660 17 18 0 0 1 17
12720 18 17 1 0 2 15
12780 17 16 2 0 0 16
12840 17 17 1 0 0 17
12900 18 17 1 0 0 17
12960 18 18 0 0 2 16
13020 17 17 1 0 1 16
13080 17 17 1 0 1 16
13140 18 18 0 0 2 16
13200 18 16 2 0 2 14
13260 18 18 0 0 0 18
13320 17 15 3 0 5 10
13380 18 17 1 0 3 14
13440 16 18 0 0 2 16
13500 18 16 2 0 4 12
13560 17 18 0 0 3 15
13620 16 16 2 0 1 15
13680 17 17 1 0 3 14
13740 17 18 0 0 2 16
13800 17 17 1 1 3 14
13860 17 18 0 0 0 18
13920 16 16 2 0 0 16
13980 17 18 0 1 2 16
14040 18 17 1 0 2 15
14100 16 16 2 0 0 16
14160 18 17 1 1 2 14
14220 17 16 2 0 0 16
14280 17 18 0 0 2 16
14340 15 17 1 0 1 16
14400 17 18 0 0 0 17
14460 16 17 1 0 0 17
14520 18 16 2 0 6 10
14580 18 17 1 1 3 13
14640 17 16 2 0 1 13
14700 17 17 1 0 0 16
14760 17 18 0 0 3 15
14820 18 18 0 0 2 16
14880 17 17 1 0 0 17
14940 16 18 0 0 0 18
15000 18 16 2 0 2 14
15060 17 16 2 0 2 14
15120 17 15 3 0 2 13
15180 18 17 1 0 2 15
15240 18 18 0 1 2 16
15300 18 18 0 0 3 15
15360 17 18 0 1 2 16
15420 17 18 0 0 5 13
15480 18 16 2 0 4 12
15540 18 18 0 0 0 18
15600 18 18 0 2 0 17
15660 18 17 1 0 1 16
15720 16 17 1 0 0 17
15780 17 18 0 0 2 16
15840 16 17 1 0 1 16
15900 17 18 0 0 2 16
15960 18 17 1 0 4 13
16020 18 17 1 0 5 12
16080 16 17 1 1 1 15
16140 16 16 2 0 2 14
16200 16 18 0 0 2 16
16260 17 17 1 0 1 16
16320 18 17 1 1 3 14
16380 18 18 0 1 0 18
16440 16 18 0 0 2 16
16500 18 16 2 0 2 14
16560 18 18 0 0 2 16
16620 17 16 2 0 3 13
16680 16 17 1 0 4 13
16740 16 16 2 0 1 15
16800 18 18 0 0 3 15
16860 17 17 1 0 0 17
16920 17 17 1 0 2 15
16980 16 18 0 0 4 14
17040 18 17 1 0 4 12
17100 15 18 0 0 0 18
17160 15 18 0 1 1 17
17220 15 17 1 0 1 16
17280 18 18 0 0 3 15
17340 18 15 3 1 1 14
17400 16 18 0 0 3 15
17460 16 18 0 0 1 17
17520 18 17 1 0 3 14
17580 17 17 1 1 0 17
17640 16 17 1 0 1 16
17700 13 18 0 0 0 18
17760 17 16 2 0 2 14
17820 18 18 0 0 4 14
17880 18 17 1 0 2 15
17940 18 17 1 0 2 15
18000 16 17 1 0 0 17
18060 16 16 2 0 1 15
18120 17 16 2 1 0 16
18180 18 16 2 0 4 12
18240 16 17 1 0 3 14
18300 17 17 1 0 1 16
18360 17 18 0 0 3 15
18420 14 16 2 0 0 16
18480 18 16 2 0 1 15
18540 17 17 1 0 3 14
18600 16 18 0 0 1 17
18660 18 16 2 0 0 16
18720 18 16 2 0 3 12
18780 16 18 0 0 1 17
18840 17 16 2 2 2 14
18900 17 18 0 0 1 17
18960 18 17 1 0 3 14
19020 18 18 0 0 3 15
19080 16 18 0 0 3 15
19140 18 18 0 0 3 15
19200 18 17 1 0 5 12
19260 18 18 0 0 4 14
19320 17 18 0 0 3 15
19380 17 17 1 0 1 16
19440 17 17 1 0 1 16
19500 17 18 0 1 2 16
19560 18 17 1 0 0 17
19620 18 18 0 0 2 16
19680 18 18 0 0 1 17
19740 18 17 1 1 0 17
19800 18 16 2 0 1 15
19860 18 18 0 1 1 17
19920 17 18 0 0 2 16
19980 17 17 1 0 3 14
20040 18 17 1 0 3 14
20100 17 17 1 0 1 15
20160 18 17 1 0 1 16
20220 17 17 1 0 2 15
20280 18 17 1 0 2 15
20340 17 16 2 0 5 11
20400 16 18 0 0 4 14
20460 18 18 0 0 3 15
20520 18 17 1 0 6 11
20580 18 17 1 0 6 11
20640 18 18 0 0 3 15
20700 17 17 1 0 1 15
20760 17 18 0 0 1 17
20820 17 16 2 0 4 12
20880 18 18 0 0 6 12
20940 18 17 1 0 3 14
21000 18 18 0 0 3 15
21060 18 18 0 1 4 14
21120 18 18 0 0 0 18
21180 16 18 0 0 1 17
21240 17 16 2 0 0 16
21300 17 17 1 0 1 16
21360 16 18 0 0 1 16
21420 16 18 0 0 3 15
21480 18 16 2 0 6 9
21540 18 15 3 0 2 13
21600 17 17 1 2 1 16
21660 17 18 0 0 2 16
21720 16 18 0 0 1 17
21780 18 17 1 0 3 14
21840 17 17 1 0 0 17
21900 15 16 2 2 1 15
21960 16 18 0 0 3 15
22020 16 17 1 0 0 17
22080 18 18 0 0 1 17
22140 18 16 2 0 2 14
22200 18 18 0 0 0 18
22260 18 17 1 0 3 13
22320 18 18 0 0 5 13
22380 17 17 1 0 2 15
22440 18 16 2 0 3 13
22500 18 18 0 0 3 15
22560 18 16 2 0 1 15
22620 18 17 1 0 2 15
22680 18 18 0 0 2 16
22740 18 17 1 0 6 11
22800 18 18 0 0 2 16
22860 17 18 0 0 2 16
22920 17 16 2 0 2 14
22980 18 16 2 0 2 14
23040 18 16 2 0 2 14
23100 16 18 0 1 1 17
23160 18 17 1 0 3 14
23220 18 15 3 0 2 13
23280 18 18 0 2 3 15
23340 18 17 1 1 0 17
23400 17 18 0 0 0 18
23460 17 17 1 0 0 17
23520 16 17 1 0 2 15
23580 18 18 0 0 3 15
23640 18 18 0 0 3 15
23700 18 18 0 0 1 17
23760 16 18 0 0 0 18
23820 18 18 0 0 3 15
23880 17 17 1 1 2 15
23940 18 17 1 0 3 14
24000 17 18 0 0 1 17
24060 16 17 1 0 1 16
24120 18 17 1 0 2 15
24180 17 16 2 0 5 11
24240 18 18 0 0 1 17
24300 18 17 1 0 5 12
24360 16 18 0 0 4 14
24420 18 16 2 0 2 14
24480 15 17 1 0 1 16
24540 18 16 2 0 3 13
24600 18 17 1 0 3 14
24660 18 18 0 0 5 13
24720 18 17 1 1 3 14
24780 17 17 1 0 1 16
24840 18 18 0 0 2 16
24900 17 17 1 0 4 13
24960 18 18 0 0 0 18
25020 18 17 1 0 1 16
25080 17 18 0 0 2 16
25140 17 17 1 0 2 15
25200 17 17 1 0 1 16
25260 17 17 1 0 1 16
25320 18 17 1 0 4 13
25380 17 17 1 0 4 13
25440 13 17 1 1 0 17
25500 18 18 0 0 4 14
25560 17 18 0 0 4 14
25620 17 18 0 1 1 17
25680 18 17 1 0 3 14
25740 18 17 1 0 4 13
25800 16 18 0 0 2 16
25860 18 18 0 0 4 14
25920 17 17 1 1 5 12
25980 18 18 0 0 0 18
26040 18 16 2 0 1 15
26100 18 16 2 1 1 15
26160 17 18 0 1 1 17
26220 18 17 1 0 5 12
26280 17 17 1 0 2 15
26340 15 17 1 0 2 15
26400 18 17 1 0 0 17
26460 18 15 3 1 0 15
26520 18 18 0 1 3 15
26580 17 18 0 0 1 17
26640 18 17 1 0 2 15
26700 17 18 0 0 2 16
26760 18 16 2 0 3 13
26820 17 18 0 0 6 12
26880 18 17 1 0 0 16
26940 17 18 0 0 2 16
27000 15 17 1 0 2 15
27060 17 17 1 0 1 16
27120 16 16 2 2 1 15
27180 18 18 0 0 1 17
27240 17 16 2 2 1 15
27300 17 16 2 0 2 14
27360 17 16 2 0 2 14
27420 18 17 1 0 0 17
27480 18 16 2 0 3 13
27540 18 18 0 0 3 15
27600 18 17 1 0 2 15
27660 17 18 0 0 3 15
27720 17 18 0 0 1 17
27780 17 16 2 0 2 14
27840 17 18 0 1 3 15
27900 17 17 1 0 2 15
27960 18 17 1 0 2 15
28020 18 18 0 0 6 12
28080 18 18 0 1 3 15
28140 18 18 0 1 4 14
28200 18 17 1 0 0 17
28260 16 16 2 0 1 15
28320 18 17 1 0 2 15
28380 18 17 1 0 5 12
28440 17 16 2 0 2 14
28500 18 15 3 2 1 14
28560 18 17 1 0 4 13
28620 18 17 1 1 1 16
28680 17 18 0 0 2 16
28740 18 18 0 0 3 15
28800 17 18 0 0 1 17
28860 14 17 1 0 0 17
28920 18 18 0 0 4 14
28980 17 17 1 0 4 13
29040 18 18 0 0 10 8
29100 17 18 0 0 10 8
29160 16 18 0 0 0 18
29220 18 15 3 0 2 13
29280 18 15 3 0 0 15
29340 17 17 1 0 3 14
29400 14 18 0 3 0 18
29460 16 17 1 0 0 17
29520 17 16 2 1 4 12
29580 18 18 0 0 5 13
29640 17 17 1 1 5 12
29700 18 17 1 1 3 14
29760 16 17 1 0 0 17
29820 18 17 1 0 1 16
29880 18 17 1 0 1 16
29940 18 17 1 1 3 14
30000 18 17 1 0 3 14
30060 17 16 2 0 3 13
30120 17 17 1 0 2 15
30180 18 17 1 0 4 13
30240 15 18 0 1 1 17
30300 17 18 0 0 4 14
30360 16 17 1 0 2 15
30420 18 18 0 0 3 15
30480 15 17 1 0 1 16
30540 16 18 0 0 1 17
30600 18 15 3 0 1 14
30660 18 18 0 0 2 16
30720 18 17 1 0 3 14
30780 18 17 1 0 4 13
30840 18 18 0 0 6 12
30900 16 17 1 0 3 14
30960 18 18 0 0 0 17
31020 18 18 0 0 3 15
31080 18 18 0 0 3 14
31140 17 17 1 0 1 16
31200 18 17 1 0 1 16
31260 18 16 2 0 1 15
31320 17 18 0 0 2 16
31380 18 17 1 0 5 12
31440 18 17 1 0 3 14
31500 17 17 1 0 0 17
31560 18 18 0 0 1 17
31620 18 17 1 0 2 15
31680 15 17 1 0 1 16
31740 18 18 0 1 2 16
31800 17 18 0 0 1 17
31860 17 16 2 0 3 13
31920 18 18 0 1 1 17
31980 17 16 2 0 4 12
32040 17 16 2 0 3 13
32100 18 18 0 0 1 17
32160 17 16 2 0 4 12
32220 18 18 0 1 6 12
32280 17 18 0 0 2 16
32340 17 17 1 0 0 16
32400 16 18 0 0 1 17
32460 16 18 0 0 1 17
32520 18 16 2 0 0 16
32580 18 17 1 0 4 13
32640 17 15 3 0 4 11
32700 18 16 2 1 1 15
32760 17 18 0 1 3 15
32820 18 17 1 0 2 15
32880 18 17 1 0 2 15
32940 14 18 0 0 0 18
33000 18 17 1 0 1 16
33060 18 17 1 0 1 15
33120 18 18 0 0 6 12
33180 18 18 0 0 1 16
33240 17 18 0 1 0 18
33300 17 18 0 0 3 15
33360 18 18 0 0 3 15
33420 16 17 1 0 2 15
33480 18 17 1 0 3 14
33540 18 18 0 0 1 17
33600 18 17 1 0 0 17
33660 18 17 1 0 4 13
33720 17 17 1 0 2 15
33780 18 16 2 0 1 15
33840 18 17 1 0 2 15
33900 18 18 0 0 1 17
33960 17 17 1 0 3 14
34020 17 18 0 0 1 17
34080 17 17 1 0 1 16
34140 17 18 0 0 0 18
34200 18 16 2 1 0 16
34260 17 17 1 1 2 15
34320 18 18 0 0 2 16
34380 17 18 0 0 5 13
34440 15 18 0 0 1 17
34500 17 16 2 0 1 15
34560 18 18 0 0 4 14
34620 18 18 0 0 4 13
34680 16 17 1 0 4 13
34740 17 17 1 0 1 16
34800 18 16 2 0 1 15
34860 18 18 0 0 2 16
34920 18 18 0 0 3 15
34980 18 18 0 1 0 18
35040 15 18 0 0 0 18
35100 15 16 2 0 2 14
35160 16 18 0 0 2 15
35220 16 18 0 1 2 16
35280 17 17 1 0 1 16
35340 18 16 2 0 1 15
35400 17 17 1 0 0 17
35460 16 18 0 0 0 18
35520 15 17 1 0 0 17
35580 16 18 0 0 2 16
35640 18 18 0 0 2 16
35700 18 17 1 0 1 16
35760 18 17 1 1 0 16
35820 14 17 1 0 4 13
35880 18 17 1 0 3 14
35940 18 18 0 0 2 16
36000 18 17 1 0 0 17
36060 17 17 1 0 1 16
36120 16 18 0 0 0 18
36180 18 17 1 0 1 16
36240 17 18 0 0 1 17
36300 18 18 0 0 1 17
36360 17 17 1 0 1 16
36420 18 17 1 1 1 16
36480 18 18 0 1 5 13
36540 16 18 0 1 1 17
36600 18 17 1 0 3 14
36660 16 18 0 1 1 17
36720 16 18 0 1 0 17
36780 17 17 1 0 2 15
36840 18 17 1 0 3 14
36900 15 17 1 0 2 15
36960 18 17 1 0 1 16
37020 13 17 1 0 1 16
37080 16 17 1 0 1 16
37140 17 17 1 0 0 17
37200 18 18 0 1 2 16
37260 16 17 1 2 0 17
37320 18 18 0 0 2 16
37380 15 18 0 1 0 18
37440 17 16 2 0 0 16
37500 16 18 0 1 0 18
37560 16 17 1 0 0 16
37620 18 18 0 0 4 13
37680 17 18 0 0 6 12
37740 18 16 2 0 0 16
37800 18 17 1 0 5 12
37860 17 17 1 0 8 9
37920 15 17 1 1 0 17
37980 18 17 1 0 2 15
38040 18 17 1 1 2 15
38100 18 18 0 0 1 17
38160 16 17 1 0 2 15
38220 17 18 0 0 0 18
38280 16 18 0 1 2 16
38340 17 17 1 0 1 16
38400 18 16 2 0 2 14
38460 18 15 3 0 4 11
38520 18 18 0 1 3 15
38580 17 17 1 0 1 16
38640 18 18 0 0 1 17
38700 17 18 0 0 3 15
38760 18 18 0 0 1 17
38820 18 17 1 0 3 14
38880 17 18 0 1 0 18
38940 16 17 1 1 1 16
39000 17 18 0 0 0 18
39060 16 17 1 1 1 16
39120 17 16 2 0 1 15
39180 17 18 0 0 0 18
39240 18 18 0 1 2 16
39300 17 18 0 0 4 14
39360 18 16 2 0 4 12
39420 18 18 0 0 6 11
39480 18 18 0 0 1 17
39540 13 17 1 0 0 17
39600 18 18 0 0 2 16
39660 18 16 2 0 3 13
39720 16 18 0 0 2 16
39780 15 18 0 0 3 15
39840 18 16 2 0 0 15
39900 18 17 1 1 1 16
39960 18 17 1 0 2 15
40020 16 16 2 2 0 16
40080 16 15 3 0 0 15
40140 18 17 1 0 2 15
40200 18 17 1 0 1 16
40260 18 15 3 0 1 14
40320 17 17 1 0 1 16
40380 16 17 1 2 1 16
40440 16 18 0 0 0 18
40500 17 18 0 0 0 18
40560 17 17 1 1 3 14
40620 17 18 0 0 1 17
40680 17 18 0 0 1 17
40740 18 17 1 0 3 14
40800 17 17 1 0 0 17
40860 17 17 1 0 3 14
40920 17 17 1 0 2 15
40980 17 17 1 0 2 15
41040 18 16 2 1 2 14
41100 18 18 0 0 1 17
41160 18 18 0 0 2 16
41220 18 18 0 0 2 16
41280 18 16 2 0 1 15
41340 17 18 0 0 1 17
41400 16 18 0 0 1 17
41460 17 18 0 1 1 17
41520 18 18 0 0 1 17
41580 17 17 1 0 0 17
41640 12 17 1 0 0 17
41700 17 17 1 0 0 17
41760 16 18 0 0 1 16
41820 13 17 1 1 1 16
41880 17 18 0 0 1 17
41940 18 17 1 0 6 10
42000 17 17 1 2 1 16
42060 17 17 1 0 0 17
42120 18 18 0 0 1 17
42180 15 17 1 0 0 17
42240 16 18 0 0 2 16
42300 18 17 1 0 1 15
42360 18 17 1 0 2 15
42420 17 18 0 1 1 17
42480 18 18 0 0 2 16
42540 16 17 1 0 1 16
42600 17 16 2 0 1 15
42660 17 18 0 0 4 14
42720 18 18 0 0 3 15
42780 18 18 0 0 3 15
42840 17 18 0 1 4 14
42900 18 17 1 0 6 11
42960 18 17 1 0 3 14
43020 18 18 0 0 2 16
43080 16 16 2 0 1 15
43140 18 18 0 0 3 15
43200 18 17 1 0 3 14
43260 18 18 0 0 0 16
43320 18 17 1 0 0 17
43380 18 18 0 0 3 15
43440 16 18 0 0 1 17
43500 18 17 1 0 2 15
43560 18 17 1 0 0 17
43620 17 18 0 0 4 14
43680 18 17 1 1 1 16
43740 18 17 1 0 5 12
43800 18 18 0 0 3 15
43860 14 18 0 0 0 18
43920 18 16 2 0 1 15
43980 17 17 1 0 5 12
44040 18 16 2 0 2 14
44100 15 17 1 1 0 17
44160 17 17 1 0 0 17
44220 18 16 2 0 3 13
44280 16 18 0 0 0 18
44340 17 15 3 0 1 14
44400 17 17 1 0 2 15
44460 18 17 1 0 3 14
44520 17 17 1 0 3 14
44580 18 18 0 1 3 15
44640 18 15 3 0 2 13
44700 18 17 1 0 4 13
44760 18 17 1 0 1 16
44820 18 15 3 0 3 12
44880 17 17 1 2 0 17
44940 17 18 0 0 1 17
45000 16 17 1 1 2 15
45060 18 17 1 0 2 15
45120 18 18 0 0 4 13
45180 18 16 2 0 2 14
45240 18 18 0 0 3 15
45300 17 18 0 0 5 13
45360 18 18 0 0 3 15
45420 18 17 1 0 6 11
45480 17 18 0 0 1 17
45540 18 17 1 0 5 12
45600 17 17 1 0 2 15
45660 18 17 1 0 4 13
45720 18 18 0 0 4 14
45780 18 17 1 0 4 13
45840 18 17 1 0 0 17
45900 16 17 1 0 1 16
45960 17 17 1 0 2 15
46020 18 16 2 1 4 12
46080 18 18 0 0 5 13
46140 17 18 0 0 3 15
46200 16 16 2 0 1 15
46260 17 18 0 1 3 15
46320 13 17 1 0 1 16
46380 18 17 1 0 4 13
46440 18 18 0 0 5 13
46500 18 18 0 0 6 12
46560 18 17 1 0 1 16
46620 17 18 0 0 0 18
46680 18 18 0 0 4 14
46740 18 17 1 1 3 14
46800 17 15 3 0 2 13
46860 16 18 0 0 2 16
46920 18 16 2 1 2 14
46980 18 17 1 0 3 14
47040 18 18 0 0 5 13
47100 16 17 1 0 0 16
47160 18 18 0 1 1 17
47220 16 18 0 1 0 18
47280 18 16 2 0 1 15
47340 17 16 2 0 3 13
47400 15 18 0 0 5 13
47460 17 17 1 0 0 17
47520 18 18 0 0 1 17
47580 18 17 1 0 0 17
47640 18 16 2 0 5 11
47700 17 16 2 0 1 15
47760 15 18 0 0 0 17
47820 16 18 0 0 2 16
47880 16 18 0 1 1 17
47940 18 17 1 0 0 17
48000 18 18 0 0 5 13
48060 17 17 1 0 2 15
48120 15 17 1 1 0 17
48180 17 17 1 1 0 17
48240 18 18 0 1 2 16
48300 18 18 0 0 3 15
48360 18 16 2 0 2 14
48420 16 18 0 0 2 16
48480 18 17 1 0 4 13
48540 17 18 0 0 0 18
48600 18 14 4 0 2 12
48660 18 18 0 0 3 15
48720 17 17 1 0 7 10
48780 18 17 1 1 5 12
48840 16 18 0 0 1 17
48900 16 18 0 0 2 16
48960 17 17 1 0 3 14
49020 17 18 0 0 1 17
49080 18 17 1 0 3 14
49140 18 18 0 0 0 18
49200 15 18 0 0 2 16
49260 17 18 0 0 3 15
49320 17 18 0 0 1 17
49380 17 18 0 0 3 15
49440 18 18 0 0 4 14
49500 16 17 1 0 2 15
49560 17 14 4 0 2 12
49620 17 15 3 0 1 14
49680 18 18 0 1 4 14
49740 17 18 0 0 1 17
49800 18 16 2 0 0 16
49860 18 17 1 0 2 15
49920 18 18 0 0 1 17
49980 18 18 0 0 5 13
50040 18 17 1 0 7 10
50100 17 16 2 0 5 10
50160 18 17 1 0 4 13
50220 16 17 1 0 2 15
50280 17 18 0 0 5 13
50340 18 16 2 0 4 12
50400 17 18 0 0 5 13
50460 18 17 1 0 2 15
50520 18 18 0 0 2 16
50580 16 18 0 0 2 16
50640 17 18 0 1 1 17
50700 18 18 0 0 2 16
50760 18 14 4 0 2 12
50820 17 17 1 0 5 12
50880 15 17 1 0 0 16
50940 18 17 1 0 2 15
51000 18 18 0 0 2 16
51060 18 18 0 0 2 16
51120 18 17 1 0 0 17
51180 17 17 1 0 1 16
51240 18 18 0 0 3 15
51300 16 18 0 0 0 18
51360 18 18 0 0 1 17
51420 15 17 1 0 0 17
51480 18 18 0 0 2 16
51540 16 17 1 0 0 17
51600 18 18 0 0 5 13
51660 18 16 2 0 4 12
51720 18 17 1 1 1 15
51780 17 16 2 0 0 16
51840 16 18 0 0 0 18
51900 16 17 1 0 2 14
51960 18 18 0 0 2 16
52020 18 18 0 1 5 13
52080 17 16 2 0 5 11
52140 17 16 2 0 1 15
52200 17 16 2 0 0 16
52260 18 16 2 0 3 13
52320 18 18 0 1 2 16
52380 18 17 1 0 3 14
52440 18 15 3 0 4 11
52500 18 16 2 0 3 13
52560 15 17 1 0 1 16
52620 16 18 0 0 1 17
52680 18 15 3 0 1 14
52740 16 16 2 0 2 14
52800 16 17 1 0 0 17
52860 17 18 0 0 3 14
52920 18 18 0 0 1 17
52980 18 18 0 0 3 15
53040 18 17 1 0 2 15
53100 18 18 0 0 4 14
53160 18 18 0 0 0 18
53220 16 18 0 1 0 18
53280 18 17 1 0 1 16
53340 17 17 1 0 0 17
53400 16 17 1 0 6 11
53460 18 16 2 0 1 15
53520 16 17 1 1 1 16
53580 17 18 0 1 2 16
53640 17 17 1 1 1 16
53700 16 16 2 0 1 15
53760 17 18 0 0 1 17
53820 16 18 0 0 1 17
53880 17 18 0 0 2 16
53940 18 18 0 0 2 16
54000 17 17 1 1 1 16
54060 16 18 0 0 2 16
54120 14 15 3 1 1 14
54180 18 18 0 0 5 13
54240 17 18 0 0 0 18
54300 17 17 1 0 0 17
54360 18 17 1 0 1 16
54420 16 18 0 0 2 16
54480 18 16 2 0 5 11
54540 18 17 1 0 4 12
54600 18 16 2 0 2 13
54660 18 18 0 0 0 17
54720 18 17 1 1 2 15
54780 16 17 1 0 0 17
54840 17 17 1 0 1 16
54900 14 18 0 0 2 16
54960 17 18 0 0 0 18
55020 17 17 1 0 2 15
55080 17 17 1 0 5 12
55140 17 18 0 0 5 13
55200 18 18 0 0 4 14
55260 18 16 2 0 3 13
55320 17 17 1 0 0 17
55380 15 18 0 0 1 17
55440 18 17 1 0 3 14
55500 18 15 3 0 2 13
55560 16 18 0 0 1 17
55620 17 18 0 0 1 17
55680 18 17 1 0 1 16
55740 18 17 1 0 2 15
55800 17 17 1 0 0 15
55860 18 18 0 0 1 17
55920 17 16 2 0 0 16
55980 15 16 2 0 2 14
56040 14 17 1 0 1 16
56100 17 16 2 1 1 15
56160 18 18 0 0 5 13
56220 18 17 1 0 5 12
56280 18 17 1 0 4 13
56340 17 18 0 0 1 17
56400 18 18 0 1 3 15
56460 16 18 0 0 0 17
56520 17 18 0 0 1 16
56580 18 18 0 1 2 16
56640 18 18 0 0 0 18
56700 18 18 0 0 2 16
56760 17 17 1 0 3 14
56820 18 18 0 1 1 17
56880 17 17 1 0 5 12
56940 18 17 1 0 2 15
57000 18 18 0 1 2 16
57060 17 18 0 1 2 16
57120 17 18 0 0 0 18
57180 17 18 0 0 3 15
57240 18 18 0 0 2 15
57300 16 18 0 0 2 16
57360 15 18 0 1 1 17
57420 13 16 2 1 0 16
57480 18 16 2 0 0 16
57540 15 16 2 0 0 16
57600 17 18 0 0 2 16
57660 16 17 1 0 2 15
57720 16 18 0 1 1 17
57780 18 18 0 1 3 15
57840 18 17 1 0 4 13
57900 15 16 2 1 0 16
57960 18 18 0 0 4 14
58020 16 18 0 0 2 16
58080 16 18 0 0 0 18
58140 17 17 1 1 2 15
58200 18 17 1 1 0 17
58260 15 17 1 0 0 17
58320 18 17 1 0 1 16
58380 18 17 1 0 4 13
58440 18 16 2 0 5 11
58500 18 17 1 0 3 14
58560 17 18 0 0 2 16
58620 17 18 0 0 4 14
58680 18 18 0 0 5 13
58740 17 16 2 0 5 11
58800 16 18 0 0 0 18
58860 17 17 1 0 3 14
58920 18 17 1 0 4 13
58980 17 18 0 0 4 14
59040 18 18 0 0 1 15
59100 18 15 3 0 0 15
59160 16 18 0 1 1 17
59220 18 16 2 0 0 16
59280 18 18 0 0 4 14
59340 18 18 0 0 3 15
59400 18 17 1 0 2 15
59460 17 16 2 0 7 9
59520 18 17 1 0 3 14
59580 17 18 0 0 2 16
59640 16 18 0 1 2 16
59700 18 18 0 0 1 17
59760 17 17 1 0 1 16
59820 17 18 0 0 3 15
59880 16 18 0 0 1 17
59940 17 17 1 0 3 14
60000 15 18 0 1 0 18
60060 18 18 0 0 4 14
60120 15 16 2 0 0 16
60180 15 18 0 1 0 18
60240 15 18 0 0 0 18
60300 17 18 0 0 1 17
60360 17 17 1 0 2 15
60420 17 17 1 1 3 14
60480 17 17 1 0 3 14
60540 18 17 1 0 4 13
60600 16 18 0 0 4 14
60660 16 17 1 0 0 17
60720 18 18 0 0 2 16
60780 18 17 1 0 8 9
60840 18 17 1 0 2 15
60900 18 18 0 0 2 16
60960 18 18 0 1 1 17
61020 18 17 1 0 2 15
61080 18 16 2 0 3 13
61140 17 17 1 0 1 16
61200 18 16 2 2 2 14
61260 18 18 0 0 5 13
61320 18 18 0 0 4 14
61380 18 18 0 0 2 16
61440 17 16 2 0 0 16
61500 18 17 1 0 1 16
61560 18 18 0 0 5 12
61620 18 16 2 0 3 13
61680 17 17 1 0 0 17
61740 16 18 0 0 0 18
61800 18 18 0 0 2 15
61860 18 18 0 0 1 17
61920 17 18 0 0 4 14
61980 17 17 1 0 5 12
62040 18 17 1 0 2 15
62100 16 18 0 0 0 18
62160 17 17 1 0 2 15
62220 16 16 2 1 2 14
62280 17 17 1 0 1 16
62340 18 18 0 0 1 17
62400 17 18 0 0 5 13
62460 18 18 0 0 1 17
62520 17 17 1 1 1 16
62580 18 16 2 1 3 13
62640 17 15 3 0 1 14
62700 18 18 0 0 4 14
62760 18 18 0 0 3 14
62820 17 17 1 0 0 17
62880 18 16 2 0 3 13
62940 17 17 1 1 3 14
63000 18 18 0 0 1 16
63060 17 18 0 0 1 17
63120 17 17 1 1 0 17
63180 16 18 0 0 0 18
63240 16 17 1 0 1 16
63300 16 18 0 1 1 17
63360 16 17 1 1 0 17
63420 15 16 2 0 1 15
63480 17 17 1 0 2 15
63540 18 17 1 0 2 15
63600 17 18 0 0 3 15
63660 16 17 1 0 5 12
63720 18 17 1 0 0 17
63780 18 18 0 0 4 14
63840 18 18 0 0 3 15
63900 16 17 1 0 1 16
63960 17 18 0 0 4 14
64020 17 18 0 0 3 15
64080 18 17 1 1 5 12
64140 16 18 0 0 1 17
64200 18 18 0 0 4 14
64260 18 17 1 0 3 14
64320 18 18 0 0 7 11
64380 17 18 0 1 3 15
64440 17 17 1 0 4 13
64500 16 18 0 0 0 18
64560 18 18 0 1 1 17
64620 18 18 0 0 2 16
64680 17 18 0 1 3 15
64740 17 16 2 0 1 15
64800 18 17 1 0 3 14
64860 16 16 2 0 4 12
64920 17 15 3 0 3 12
64980 17 17 1 0 0 16
65040 16 16 2 0 2 14
65100 18 16 2 0 2 14
65160 16 18 0 0 3 15
65220 18 17 1 1 3 14
65280 18 18 0 0 2 16
65340 18 17 1 0 0 17
65400 15 17 1 0 1 16
65460 17 18 0 0 1 17
65520 18 17 1 0 3 14
65580 17 17 1 0 1 15
65640 18 17 1 0 0 17
65700 18 17 1 0 5 12
65760 17 18 0 1 0 18
65820 16 17 1 1 1 16
65880 17 17 1 0 1 16
65940 18 16 2 0 4 12
66000 18 17 1 0 1 16
66060 18 18 0 0 5 13
66120 17 17 1 0 4 13
66180 16 18 0 1 1 17
66240 17 17 1 0 2 15
66300 18 17 1 0 6 11
66360 18 17 1 0 4 13
66420 14 18 0 0 0 18
66480 18 16 2 0 2 14
66540 17 17 1 0 5 12
66600 16 18 0 0 1 17
66660 17 18 0 0 2 16
66720 18 18 0 1 3 15
66780 18 18 0 0 2 16
66840 18 16 2 0 0 16
66900 15 17 1 1 0 17
66960 17 18 0 0 3 14
67020 14 15 3 0 1 14
67080 16 17 1 1 0 17
67140 15 16 2 0 1 15
67200 18 17 1 0 2 15
67260 18 16 2 0 9 7
67320 16 18 0 0 3 15
67380 18 18 0 0 5 13
67440 18 17 1 0 6 11
67500 16 16 2 1 2 14
67560 18 18 0 0 6 12
67620 18 15 3 0 1 14
67680 18 17 1 0 2 15
67740 17 16 2 0 4 12
67800 15 18 0 0 5 13
67860 17 17 1 0 6 11
67920 18 17 1 0 0 17
67980 17 18 0 0 0 18
68040 17 17 1 0 2 15
68100 18 15 3 0 0 15
68160 13 17 1 1 0 17
68220 17 15 3 0 3 12
68280 18 16 2 0 5 10
68340 18 17 1 2 2 15
68400 17 17 1 0 4 13
68460 18 15 3 1 0 15
68520 18 18 0 0 0 18
68580 18 18 0 0 4 14
68640 18 18 0 0 3 14
68700 15 17 1 2 0 17
68760 18 16 2 0 3 13
68820 18 17 1 1 0 17
68880 18 17 1 0 3 14
68940 17 18 0 0 2 16
69000 18 18 0 0 2 16
69060 17 17 1 1 2 14
69120 17 16 2 0 3 13
69180 15 18 0 0 0 18
69240 18 18 0 1 0 18
69300 17 18 0 0 1 17
69360 16 18 0 0 1 17
69420 17 17 1 0 1 16
69480 18 18 0 0 2 16
69540 16 18 0 0 2 16
69600 17 16 2 0 3 13
69660 17 18 0 1 2 16
69720 18 16 2 0 0 16
69780 18 17 1 0 4 13
69840 18 16 2 1 2 14
69900 16 18 0 0 2 16
69960 18 18 0 0 2 16
70020 16 17 1 0 0 17
70080 18 18 0 0 4 14
70140 18 15 3 0 0 15
70200 17 17 1 0 1 16
70260 16 16 2 0 1 15
70320 14 18 0 0 1 17
70380 14 18 0 1 0 18
70440 18 15 3 0 2 12
70500 18 18 0 0 2 16
70560 18 17 1 0 2 15
70620 18 18 0 0 5 13
70680 16 18 0 0 0 18
70740 17 17 1 0 1 15
70800 18 18 0 0 2 16
70860 18 17 1 0 2 15
70920 17 16 2 0 1 15
70980 17 15 3 0 1 14
71040 17 18 0 1 1 17
71100 17 18 0 0 3 15
71160 17 18 0 1 0 18
71220 18 17 1 0 2 15
71280 16 17 1 0 0 17
71340 17 17 1 0 2 15
71400 18 17 1 0 3 14
71460 15 18 0 0 0 18
71520 17 16 2 0 2 14
71580 17 18 0 0 1 17
71640 15 18 0 1 0 18
71700 18 17 1 0 3 14
71760 18 18 0 0 3 15
71820 17 18 0 0 3 15
71880 17 18 0 0 1 17
71940 18 17 1 0 4 13
72000 17 18 0 0 0 18
72060 18 17 1 0 4 13
72120 18 16 2 0 7 9
72180 16 18 0 0 1 17
72240 18 15 3 0 2 13
72300 18 15 3 0 1 14
72360 18 17 1 0 2 15
72420 16 18 0 0 1 17
72480 18 18 0 1 2 16
72540 12 17 1 1 0 17
72600 17 17 1 0 2 15
72660 17 16 2 0 1 15
72720 18 16 2 0 3 13
72780 18 17 1 0 5 12
72840 18 17 1 0 5 12
72900 18 17 1 2 2 15
72960 17 17 1 1 0 17
73020 17 18 0 0 4 14
73080 17 16 2 0 1 14
73140 18 17 1 0 1 16
73200 15 18 0 0 0 18
73260 18 17 1 1 1 16
73320 17 18 0 0 3 15
73380 17 17 1 0 2 15
73440 17 17 1 0 2 15
73500 17 18 0 0 1 17
73560 18 16 2 0 1 15
73620 18 18 0 0 1 17
73680 18 17 1 0 4 13
73740 18 17 1 0 3 14
73800 18 17 1 0 8 9
73860 17 18 0 0 2 14
73920 18 18 0 0 0 18
73980 17 17 1 0 0 17
74040 17 16 2 0 3 13
74100 17 18 0 1 2 16
74160 14 18 0 0 0 18
74220 17 17 1 0 3 14
74280 17 17 1 0 0 17
74340 17 18 0 0 5 13
74400 18 17 1 1 0 17
74460 18 17 1 0 5 12
74520 18 18 0 0 3 15
74580 16 14 4 0 2 12
74640 17 16 2 0 2 14
74700 18 18 0 0 1 17
74760 18 17 1 0 2 15
74820 18 16 2 0 3 13
74880 17 16 2 1 1 15
74940 18 18 0 0 5 12
75000 17 18 0 0 1 17
75060 18 18 0 0 1 17
75120 17 17 1 0 1 16
75180 16 18 0 1 0 18
75240 15 17 1 0 1 16
75300 18 18 0 0 2 16
75360 18 15 3 0 2 13
75420 18 17 1 1 1 16
75480 15 18 0 1 0 18
75540 16 18 0 0 0 18
75600 18 16 2 0 0 16
75660 16 18 0 0 2 16
75720 16 17 1 2 1 16
75780 18 17 1 0 1 16
75840 16 17 1 0 1 16
75900 17 18 0 0 3 15
75960 18 17 1 0 3 14
76020 18 17 1 0 8 9
76080 17 18 0 2 1 17
76140 15 16 2 0 1 15
76200 18 15 3 0 2 13
76260 17 17 1 0 6 11
76320 17 17 1 1 1 16
76380 18 17 1 0 1 15
76440 16 17 1 0 5 11
76500 17 17 1 0 4 13
76560 16 18 0 0 1 17
76620 18 17 1 1 1 16
76680 18 17 1 0 3 14
76740 18 16 2 1 1 15
76800 17 18 0 0 2 16
76860 18 17 1 0 4 13
76920 15 18 0 1 0 18
76980 18 17 1 0 3 14
77040 17 17 1 1 1 16
77100 18 18 0 0 0 17
77160 17 15 3 0 8 7
77220 18 18 0 0 2 15
77280 17 16 2 1 1 15
77340 18 17 1 0 2 15
77400 18 17 1 1 9 8
77460 17 18 0 0 5 13
77520 18 18 0 0 4 14
77580 18 18 0 0 3 15
77640 16 18 0 0 1 17
77700 18 17 1 1 0 17
77760 17 17 1 0 0 17
77820 17 18 0 0 1 17
77880 17 17 1 1 1 15
77940 18 18 0 0 5 12
78000 16 18 0 0 0 18
78060 18 16 2 0 3 13
78120 18 16 2 0 1 15
78180 18 16 2 0 5 11
78240 15 18 0 1 3 15
78300 14 17 1 0 1 16
78360 18 18 0 0 0 18
78420 17 18 0 0 1 17
78480 18 18 0 0 2 16
78540 18 15 3 0 1 14
78600 18 15 3 0 5 10
78660 18 17 1 0 0 17
78720 18 18 0 0 3 15
78780 18 17 1 0 4 13
78840 17 18 0 0 0 18
78900 18 18 0 0 2 16
78960 17 18 0 0 4 14
79020 18 18 0 0 7 11
79080 18 16 2 0 1 15
79140 18 18 0 1 0 18
79200 15 18 0 1 0 18
79260 18 16 2 0 5 11
79320 18 16 2 0 6 10
79380 14 17 1 0 0 17
79440 18 17 1 0 0 17
79500 18 17 1 0 3 13
79560 18 17 1 0 4 13
79620 18 18 0 0 5 12
79680 18 18 0 0 5 13
79740 18 16 2 0 3 13
79800 18 15 3 0 1 14
79860 18 18 0 0 4 14
79920 18 18 0 0 3 15
79980 18 17 1 0 3 14
80040 18 18 0 0 3 15
80100 18 17 1 1 5 12
80160 18 18 0 0 6 12
80220 18 18 0 0 5 13
80280 15 17 1 0 0 17
80340 16 17 1 0 0 17
80400 17 18 0 0 2 16
80460 18 17 1 0 2 15
80520 17 17 1 0 2 15
80580 17 17 1 0 4 13
80640 17 18 0 0 1 16
80700 15 18 0 0 0 18
80760 18 18 0 0 1 17
80820 18 17 1 0 1 16
80880 15 17 1 0 0 17
80940 16 18 0 0 1 17
81000 18 17 1 0 0 17
81060 18 18 0 0 4 14
81120 18 15 3 1 1 14
81180 18 18 0 0 3 15
81240 18 18 0 0 0 18
81300 17 17 1 0 1 16
81360 18 17 1 0 1 16
81420 18 17 1 0 5 12
81480 17 16 2 0 3 13
81540 18 16 2 0 0 16
81600 16 17 1 1 2 15
81660 18 17 1 0 1 16
81720 16 18 0 0 2 16
81780 17 18 0 0 3 15
81840 18 18 0 0 3 15
81900 17 17 1 0 2 15
81960 18 17 1 0 1 16
82020 18 18 0 0 1 17
82080 18 18 0 0 5 13
82140 18 16 2 0 1 15
82200 18 18 0 0 1 17
82260 17 17 1 0 1 16
82320 17 18 0 0 1 17
82380 17 16 2 0 1 15
82440 18 16 2 0 2 14
82500 17 17 1 0 5 12
82560 17 17 1 0 4 13
82620 17 18 0 0 1 17
82680 15 16 2 0 0 16
82740 18 18 0 0 1 17
82800 18 17 1 1 2 14
82860 18 18 0 0 0 18
82920 17 16 2 0 0 16
82980 18 18 0 0 3 15
83040 17 18 0 0 3 15
83100 17 17 1 1 1 16
83160 17 17 1 0 1 15
83220 17 18 0 0 4 13
83280 18 17 1 0 3 14
83340 17 18 0 1 4 14
83400 17 18 0 0 0 18
83460 18 17 1 0 3 14
83520 18 18 0 0 1 17
83580 17 18 0 1 0 18
83640 17 17 1 0 0 17
83700 17 17 1 1 0 17
83760 17 16 2 0 3 13
83820 18 16 2 0 1 15
83880 18 18 0 0 0 18
83940 18 18 0 0 2 15
84000 18 18 0 0 2 16
84060 18 16 2 0 1 15
84120 17 17 1 0 5 12
84180 18 18 0 0 4 14
84240 17 18 0 0 0 17
84300 18 17 1 0 3 14
84360 17 18 0 0 3 15
84420 17 18 0 1 2 16
84480 17 18 0 2 0 18
84540 17 16 2 0 1 15
84600 17 17 1 0 0 16
84660 18 17 1 0 1 16
84720 18 18 0 0 2 16
84780 17 17 1 0 1 16
84840 18 17 1 0 3 14
84900 18 18 0 1 3 15
84960 18 17 1 0 0 17
85020 18 16 2 0 2 14
85080 17 18 0 0 2 16
85140 18 18 0 0 2 16
85200 17 18 0 0 4 14
85260 16 18 0 0 2 16
85320 18 18 0 0 1 17
85380 18 18 0 0 2 16
85440 18 16 2 0 2 14
85500 18 17 1 0 0 17
85560 16 18 0 0 4 14
85620 16 16 2 1 1 15
85680 14 17 1 1 2 14
85740 18 17 1 0 4 13
85800 18 17 1 0 1 16
85860 18 15 3 0 3 12
85920 18 18 0 0 4 14
85980 17 17 1 0 2 15
86040 18 17 1 0 3 13
86100 17 13 5 0 0 13
86160 18 17 1 0 6 11
86220 18 18 0 0 2 16
86280 18 18 0 0 4 14
86340 18 16 2 0 1 14
86400 18 15 3 0 1 13
