time CaMKII* CaMKII6 CaMKII7 PP1 x y
120 9 16 2 3 0 16
180 12 17 1 2 0 17
240 14 18 0 0 0 18
300 13 17 1 0 0 17
360 10 17 1 1 1 16
420 15 18 0 2 0 18
480 15 17 1 2 2 15
540 16 17 1 1 2 15
600 16 17 1 0 5 12
660 17 18 0 0 0 17
720 14 18 0 0 4 14
780 6 16 2 2 0 16
840 12 18 0 1 0 18
900 12 18 0 1 2 16
960 10 17 1 3 0 17
1020 9 18 0 0 0 18
1080 16 17 1 1 1 16
1140 15 18 0 0 2 16
1200 13 16 2 1 0 16
1260 12 18 0 1 0 18
1320 9 17 1 2 0 17
1380 12 18 0 3 1 17
1440 12 18 0 3 1 17
1500 12 17 1 3 0 17
1560 11 18 0 2 1 17
1620 13 17 1 1 1 16
1680 11 17 1 1 1 16
1740 15 17 1 1 0 16
1800 12 17 1 2 0 17
1860 15 16 2 3 2 14
1920 15 17 1 0 2 15
1980 18 16 2 1 2 14
2040 14 16 2 0 3 13
2100 14 18 0 0 1 17
2160 14 17 1 0 3 13
2220 7 18 0 1 0 18
2280 8 18 0 4 0 18
2340 14 17 1 1 0 17
2400 13 18 0 0 1 17
2460 12 18 0 3 0 18
2520 7 17 1 0 0 17
2580 14 15 3 0 1 14
2640 10 18 0 4 0 18
2700 8 18 0 2 0 18
2760 7 18 0 0 0 18
2820 8 18 0 2 0 18
2880 11 18 0 0 0 18
2940 10 18 0 2 0 18
3000 13 17 1 2 1 16
3060 11 18 0 2 1 17
3120 9 18 0 0 0 18
3180 12 18 0 3 0 18
3240 12 18 0 2 3 15
3300 12 17 1 3 0 17
3360 11 16 2 2 0 16
3420 15 18 0 2 0 18
3480 11 17 1 1 0 17
3540 12 18 0 1 0 18
3600 9 17 1 0 0 17
3660 12 17 1 0 0 17
3720 11 16 2 1 0 16
3780 12 18 0 1 1 17
3840 11 18 0 2 0 18
3900 12 17 1 1 0 17
3960 10 18 0 0 0 18
4020 12 17 1 1 0 17
4080 12 17 1 1 0 17
4140 13 17 1 0 2 15
4200 12 18 0 0 0 18
4260 13 17 1 1 0 17
4320 14 17 1 2 0 17
4380 16 18 0 0 0 18
4440 13 17 1 1 0 17
4500 12 17 1 2 0 17
4560 12 18 0 3 0 18
4620 12 17 1 1 0 17
4680 11 18 0 2 0 18
4740 12 18 0 0 1 17
4800 12 17 1 4 0 17
4860 12 18 0 2 0 18
4920 10 17 1 1 1 16
4980 11 17 1 4 0 17
5040 10 18 0 0 0 18
5100 6 18 0 3 0 17
5160 13 17 1 1 1 16
5220 15 18 0 0 0 18
5280 13 18 0 0 0 18
5340 12 17 1 1 1 16
5400 15 18 0 0 0 18
5460 13 18 0 1 0 18
5520 15 18 0 0 1 17
5580 10 18 0 2 2 16
5640 12 17 1 2 1 16
5700 14 17 1 2 0 17
5760 16 17 1 1 0 17
5820 14 17 1 1 1 16
5880 10 18 0 2 1 17
5940 14 17 1 2 0 17
6000 15 18 0 0 0 18
6060 16 18 0 4 1 17
6120 13 17 1 1 0 17
6180 12 18 0 2 0 18
6240 6 17 1 2 0 17
6300 9 18 0 2 0 18
6360 8 17 1 0 0 17
6420 13 17 1 0 0 17
6480 14 16 2 0 1 15
6540 17 17 1 1 1 15
6600 11 17 1 1 0 17
6660 14 18 0 1 1 17
6720 15 17 1 1 0 17
6780 13 17 1 0 0 17
6840 14 16 2 0 0 16
6900 15 17 1 2 2 15
6960 11 17 1 1 0 17
7020 7 18 0 3 0 18
7080 11 18 0 1 0 18
7140 15 17 1 0 2 15
7200 13 17 1 1 1 16
7260 7 18 0 5 0 18
7320 8 16 2 3 0 16
7380 12 18 0 0 0 17
7440 12 17 1 2 0 17
7500 8 16 2 0 0 16
7560 14 16 2 1 0 16
7620 11 18 0 1 0 18
7680 15 17 1 1 1 16
7740 12 15 3 0 0 15
7800 13 16 2 1 0 16
7860 12 14 4 0 0 14
7920 13 17 1 1 1 16
7980 13 18 0 0 0 18
8040 13 18 0 0 0 18
8100 10 18 0 3 0 18
8160 14 17 1 1 0 17
8220 15 17 1 0 1 16
8280 16 18 0 0 0 18
8340 15 17 1 1 0 17
8400 12 17 1 3 1 16
8460 10 18 0 1 1 17
8520 10 16 2 1 1 15
8580 14 17 1 2 0 17
8640 10 17 1 3 0 17
8700 12 17 1 0 0 17
8760 15 17 1 2 0 17
8820 13 17 1 2 1 16
8880 14 17 1 0 0 16
8940 11 18 0 2 1 17
9000 12 17 1 0 0 17
9060 12 18 0 1 0 18
9120 12 16 2 1 1 15
9180 10 18 0 2 0 18
9240 11 15 3 2 0 15
9300 10 18 0 1 0 18
9360 13 18 0 0 1 17
9420 16 16 2 1 1 15
9480 17 18 0 0 2 15
9540 15 18 0 1 2 16
9600 15 18 0 1 2 15
9660 14 18 0 1 0 18
9720 14 16 2 2 1 15
9780 15 16 2 1 0 16
9840 13 17 1 1 1 16
9900 12 18 0 2 0 18
9960 15 16 2 2 1 15
10020 10 18 0 2 2 16
10080 12 18 0 0 1 17
10140 13 17 1 1 0 17
10200 12 17 1 1 0 17
10260 14 18 0 1 0 18
10320 14 18 0 1 2 16
10380 14 18 0 0 2 16
10440 13 17 1 1 1 16
10500 14 16 2 0 2 14
10560 14 16 2 0 0 15
10620 18 17 1 1 3 14
10680 13 17 1 0 0 17
10740 15 17 1 0 2 14
10800 17 17 1 1 1 16
10860 15 17 1 0 0 17
10920 15 18 0 1 0 18
10980 15 17 1 1 1 16
11040 13 15 3 2 0 15
11100 9 18 0 4 0 18
11160 13 18 0 0 2 16
11220 16 18 0 0 3 15
11280 15 18 0 1 0 18
11340 14 18 0 0 2 16
11400 13 18 0 2 1 17
11460 14 17 1 1 0 17
11520 12 18 0 1 0 18
11580 13 17 1 1 0 17
11640 13 18 0 4 1 17
11700 8 18 0 2 0 18
11760 13 18 0 1 0 18
11820 10 18 0 3 0 17
11880 14 18 0 1 0 18
11940 11 18 0 3 0 18
12000 10 17 1 2 0 17
12060 8 17 1 2 0 17
12120 11 16 2 0 0 16
12180 14 18 0 2 0 18
12240 11 17 1 1 0 17
12300 10 18 0 3 0 18
12360 10 17 1 1 0 17
12420 9 17 1 3 0 17
12480 9 18 0 3 0 18
12540 12 18 0 2 0 18
12600 9 18 0 2 0 18
12660 8 16 2 3 0 16
12720 9 17 1 4 1 16
12780 11 18 0 2 2 15
12840 12 18 0 0 1 17
12900 13 18 0 1 0 18
12960 16 17 1 0 3 14
13020 16 18 0 1 4 14
13080 12 18 0 2 1 17
13140 11 18 0 2 0 18
13200 15 18 0 1 0 18
13260 9 18 0 0 0 17
13320 8 18 0 4 0 18
13380 11 18 0 3 1 17
13440 11 17 1 0 1 16
13500 9 18 0 3 0 18
13560 15 18 0 1 2 16
13620 11 17 1 4 0 17
13680 5 18 0 6 0 18
13740 11 17 1 2 0 17
13800 11 16 2 1 0 16
13860 15 17 1 0 1 16
13920 10 17 1 1 0 17
13980 16 15 3 1 1 14
14040 10 18 0 1 1 17
14100 11 18 0 1 1 17
14160 9 18 0 7 0 18
14220 8 17 1 5 0 17
14280 11 17 1 3 0 17
14340 13 17 1 0 1 16
14400 15 18 0 1 3 15
14460 15 18 0 1 2 16
14520 15 17 1 0 2 15
14580 14 18 0 1 0 18
14640 9 16 2 1 0 16
14700 13 17 1 5 0 17
14760 13 18 0 2 0 18
14820 12 16 2 1 1 15
14880 12 17 1 0 0 17
14940 11 18 0 0 0 18
15000 15 18 0 0 1 17
15060 12 18 0 0 0 18
15120 11 16 2 2 0 16
15180 10 17 1 1 0 17
15240 13 18 0 2 0 18
15300 9 17 1 3 1 16
15360 11 17 1 1 1 16
15420 8 18 0 0 0 18
15480 14 18 0 1 0 17
15540 13 17 1 0 1 16
15600 11 18 0 0 0 18
15660 11 17 1 4 0 17
15720 13 17 1 1 1 16
15780 12 18 0 1 1 17
15840 8 18 0 1 0 18
15900 14 17 1 1 1 16
15960 11 18 0 2 0 18
16020 15 18 0 3 2 16
16080 13 17 1 4 0 17
16140 14 16 2 0 2 14
16200 8 17 1 2 0 17
16260 14 17 1 1 0 17
16320 11 16 2 0 0 16
16380 13 18 0 0 0 18
16440 12 17 1 0 1 16
16500 13 17 1 2 0 17
16560 11 18 0 0 1 17
16620 14 18 0 3 0 18
16680 14 18 0 0 1 17
16740 11 18 0 3 1 17
16800 13 17 1 0 1 16
16860 12 18 0 0 0 18
16920 10 17 1 2 0 17
16980 9 17 1 3 0 17
17040 8 18 0 1 0 18
17100 10 18 0 1 1 17
17160 9 17 1 2 0 17
17220 10 16 2 1 0 16
17280 12 17 1 0 0 17
17340 12 18 0 1 1 16
17400 16 18 0 2 1 17
17460 10 18 0 2 0 18
17520 15 15 3 1 1 14
17580 11 18 0 2 1 17
17640 12 18 0 1 0 18
17700 16 18 0 3 0 18
17760 14 18 0 2 1 17
17820 15 17 1 1 1 16
17880 16 16 2 1 1 15
17940 14 18 0 1 0 18
18000 12 18 0 1 1 17
18060 5 18 0 2 0 18
18120 14 18 0 0 0 18
18180 16 18 0 0 3 15
18240 15 17 1 4 0 17
18300 10 18 0 1 0 18
18360 9 17 1 4 0 17
18420 11 18 0 0 1 17
18480 10 18 0 2 2 16
18540 16 18 0 2 0 18
18600 14 18 0 0 0 18
18660 14 16 2 0 2 14
18720 12 18 0 2 0 18
18780 14 16 2 0 1 15
18840 15 17 1 4 0 17
18900 13 18 0 4 0 18
18960 11 18 0 1 0 18
19020 13 16 2 4 0 16
19080 12 18 0 1 0 18
19140 15 18 0 1 1 17
19200 13 17 1 0 0 17
19260 11 17 1 2 0 17
19320 9 18 0 5 0 18
19380 15 15 3 1 1 14
19440 14 16 2 1 1 14
19500 14 16 2 1 0 16
19560 13 17 1 0 0 17
19620 8 18 0 2 0 18
19680 11 18 0 2 0 18
19740 15 17 1 0 1 16
19800 17 18 0 1 1 17
19860 13 18 0 1 1 17
19920 15 17 1 2 3 14
19980 13 18 0 2 0 18
20040 12 18 0 5 0 18
20100 12 17 1 1 1 16
20160 13 18 0 2 0 18
20220 10 18 0 1 1 17
20280 11 17 1 2 1 16
20340 10 18 0 3 0 18
20400 11 18 0 0 0 18
20460 10 17 1 3 0 17
20520 11 17 1 1 0 17
20580 13 16 2 1 1 15
20640 12 17 1 1 3 14
20700 10 17 1 3 0 17
20760 14 17 1 2 0 17
20820 13 18 0 0 1 16
20880 12 18 0 2 0 18
20940 13 17 1 0 0 17
21000 14 18 0 1 1 17
21060 18 18 0 0 3 14
21120 10 18 0 1 1 17
21180 14 16 2 0 0 16
21240 12 18 0 2 1 17
21300 9 18 0 4 2 16
21360 8 17 1 3 0 17
21420 10 18 0 2 0 18
21480 10 17 1 3 0 17
21540 10 15 3 2 0 15
21600 9 18 0 3 0 18
21660 12 17 1 1 0 17
21720 14 18 0 1 3 15
21780 15 15 3 1 0 15
21840 14 17 1 4 1 16
21900 16 18 0 0 1 17
21960 11 18 0 2 0 18
22020 13 18 0 1 0 18
22080 13 18 0 1 1 17
22140 13 18 0 0 0 17
22200 11 17 1 0 0 17
22260 11 17 1 1 1 16
22320 15 18 0 0 1 17
22380 10 17 1 2 0 17
22440 10 18 0 4 2 16
22500 10 17 1 4 1 16
22560 13 18 0 2 0 18
22620 9 18 0 5 0 18
22680 12 17 1 2 0 17
22740 13 18 0 2 0 18
22800 12 17 1 2 0 17
22860 15 17 1 2 0 17
22920 10 18 0 1 0 18
22980 12 18 0 1 0 18
23040 11 18 0 2 0 18
23100 12 18 0 2 0 18
23160 13 16 2 0 0 16
23220 14 18 0 1 1 17
23280 13 17 1 0 1 16
23340 11 17 1 0 1 16
23400 13 18 0 3 0 18
23460 16 17 1 0 1 16
23520 14 17 1 2 0 16
23580 12 17 1 1 0 17
23640 12 18 0 1 0 18
23700 15 18 0 1 1 17
23760 15 16 2 1 0 16
23820 16 18 0 1 0 18
23880 15 18 0 0 0 18
23940 14 18 0 1 1 17
24000 12 18 0 3 0 18
24060 13 18 0 3 0 18
24120 9 16 2 2 0 16
24180 15 16 2 1 1 15
24240 15 18 0 0 1 17
24300 9 17 1 3 0 17
24360 13 18 0 2 1 17
24420 13 18 0 0 1 17
24480 16 18 0 1 1 17
24540 14 18 0 1 0 18
24600 13 16 2 0 0 16
24660 16 17 1 1 4 13
24720 13 17 1 1 1 16
24780 11 18 0 3 0 18
24840 4 18 0 4 0 18
24900 16 17 1 4 0 17
24960 12 17 1 2 1 16
25020 12 18 0 2 2 16
25080 14 16 2 2 2 14
25140 15 18 0 2 0 18
25200 12 17 1 3 0 17
25260 12 17 1 2 0 17
25320 13 17 1 0 0 17
25380 15 18 0 1 1 17
25440 13 16 2 0 2 14
25500 14 17 1 0 2 15
25560 15 18 0 0 5 13
25620 12 17 1 2 0 17
25680 6 17 1 6 0 17
25740 10 18 0 4 0 18
25800 12 17 1 1 0 17
25860 13 15 3 1 0 15
25920 10 18 0 1 1 17
25980 7 18 0 2 2 16
26040 7 18 0 2 0 18
26100 10 18 0 1 0 18
26160 11 17 1 1 0 17
26220 16 18 0 2 2 16
26280 14 18 0 1 0 18
26340 16 18 0 1 1 17
26400 16 18 0 1 2 16
26460 15 15 3 0 0 14
26520 15 17 1 0 1 15
26580 16 18 0 1 2 16
26640 15 16 2 1 0 16
26700 12 18 0 2 0 18
26760 15 17 1 2 0 16
26820 12 17 1 1 0 17
26880 12 18 0 4 1 17
26940 13 17 1 1 2 15
27000 13 17 1 2 0 16
27060 16 18 0 1 0 18
27120 14 17 1 0 0 17
27180 12 17 1 3 1 16
27240 15 16 2 0 1 15
27300 13 17 1 0 1 16
27360 11 16 2 2 0 16
27420 14 18 0 0 1 17
27480 15 17 1 0 0 17
27540 15 17 1 2 1 16
27600 14 17 1 1 2 15
27660 13 18 0 0 2 16
27720 15 18 0 1 1 16
27780 13 16 2 0 0 16
27840 10 17 1 0 0 17
27900 13 18 0 1 1 17
27960 13 18 0 0 1 17
28020 12 18 0 0 1 17
28080 13 17 1 2 0 17
28140 14 16 2 0 0 16
28200 15 18 0 0 2 16
28260 14 17 1 2 1 16
28320 16 16 2 1 1 15
28380 12 17 1 1 1 16
28440 12 18 0 1 2 16
28500 15 16 2 0 1 15
28560 13 18 0 0 0 18
28620 16 18 0 0 1 17
28680 15 17 1 1 0 17
28740 14 18 0 1 0 18
28800 14 18 0 2 3 15
28860 10 17 1 2 0 17
28920 4 18 0 2 0 18
28980 14 17 1 2 1 16
29040 13 17 1 0 1 16
29100 12 18 0 4 0 18
29160 14 17 1 0 1 16
29220 6 18 0 2 0 18
29280 11 18 0 1 1 17
29340 13 18 0 3 1 17
29400 11 16 2 3 0 16
29460 9 17 1 4 0 17
29520 10 18 0 2 2 16
29580 7 17 1 1 0 17
29640 8 18 0 5 1 17
29700 12 16 2 0 0 16
29760 15 18 0 0 0 18
29820 12 16 2 3 1 15
29880 11 18 0 0 0 18
29940 14 18 0 2 1 17
30000 17 16 2 1 0 16
30060 14 18 0 0 1 17
30120 13 17 1 2 0 17
30180 13 17 1 2 3 14
30240 13 18 0 0 0 18
30300 12 17 1 4 0 17
30360 12 18 0 2 1 17
30420 9 18 0 5 0 18
30480 13 18 0 1 0 18
30540 16 17 1 1 1 16
30600 15 16 2 1 0 16
30660 11 17 1 1 0 17
30720 15 17 1 3 1 16
30780 13 16 2 0 1 15
30840 11 17 1 5 0 17
30900 12 17 1 0 1 16
30960 15 18 0 0 2 16
31020 16 18 0 2 2 16
31080 13 18 0 0 0 18
31140 13 17 1 2 1 16
31200 10 18 0 1 0 18
31260 14 18 0 0 0 18
31320 12 17 1 1 0 17
31380 10 17 1 4 0 17
31440 12 17 1 0 0 17
31500 11 17 1 1 0 17
31560 10 17 1 7 1 16
31620 15 18 0 2 1 17
31680 15 16 2 1 4 12
31740 12 18 0 1 1 17
31800 11 18 0 3 0 18
31860 9 17 1 4 0 17
31920 10 18 0 2 0 18
31980 14 18 0 0 0 17
32040 12 18 0 1 0 17
32100 16 17 1 0 0 17
32160 14 18 0 0 0 18
32220 14 18 0 1 0 18
32280 11 16 2 3 2 14
32340 11 18 0 1 0 18
32400 12 17 1 2 0 17
32460 11 18 0 4 0 18
32520 13 17 1 1 0 17
32580 14 18 0 3 0 18
32640 17 18 0 0 0 18
32700 17 17 1 0 2 15
32760 15 17 1 1 0 17
32820 11 16 2 0 0 16
32880 11 18 0 2 2 16
32940 11 17 1 2 0 17
33000 15 17 1 2 2 15
33060 9 18 0 0 0 18
33120 10 18 0 3 1 17
33180 11 18 0 2 1 17
33240 13 17 1 2 0 17
33300 14 17 1 0 0 17
33360 14 18 0 1 1 17
33420 12 18 0 1 0 18
33480 12 17 1 2 0 17
33540 13 17 1 0 0 17
33600 14 15 3 0 1 14
33660 12 16 2 2 0 16
33720 15 17 1 3 1 16
33780 8 18 0 6 0 18
33840 10 17 1 2 0 17
33900 14 18 0 1 1 17
33960 10 18 0 0 1 17
34020 6 18 0 2 0 18
34080 14 16 2 4 0 16
34140 11 17 1 1 0 17
34200 12 16 2 0 0 16
34260 14 18 0 0 0 18
34320 14 18 0 2 0 18
34380 12 18 0 0 1 17
34440 16 17 1 1 2 15
34500 16 17 1 1 0 17
34560 14 17 1 0 0 17
34620 16 18 0 0 2 16
34680 16 17 1 0 1 16
34740 12 18 0 3 1 17
34800 11 17 1 2 0 17
34860 10 18 0 2 0 18
34920 11 18 0 4 1 17
34980 11 18 0 0 0 18
35040 13 17 1 1 0 17
35100 11 17 1 2 0 17
35160 11 18 0 4 0 18
35220 15 18 0 2 3 15
35280 15 18 0 1 0 18
35340 13 17 1 0 0 17
35400 13 18 0 1 0 17
35460 12 18 0 0 0 18
35520 15 18 0 0 1 17
35580 15 18 0 1 0 18
35640 15 16 2 1 1 15
35700 11 18 0 2 0 18
35760 13 17 1 0 1 16
35820 11 18 0 4 0 18
35880 15 16 2 2 0 16
35940 14 17 1 2 4 13
36000 16 17 1 0 0 17
36060 14 16 2 1 0 16
36120 15 17 1 0 0 17
36180 16 17 1 1 0 17
36240 17 18 0 1 2 16
36300 15 17 1 1 2 15
36360 12 18 0 1 1 17
36420 8 18 0 2 0 18
36480 10 17 1 2 0 17
36540 9 17 1 2 0 17
36600 7 17 1 1 0 17
36660 12 18 0 0 0 18
36720 14 18 0 0 0 18
36780 14 17 1 3 0 17
36840 8 18 0 2 0 18
36900 11 17 1 3 0 17
36960 11 18 0 1 0 18
37020 11 18 0 1 0 18
37080 10 17 1 5 0 17
37140 13 18 0 2 0 18
37200 12 16 2 1 1 15
37260 9 17 1 1 1 16
37320 10 18 0 2 0 18
37380 8 16 2 1 0 16
37440 12 17 1 1 1 16
37500 10 18 0 1 0 18
37560 11 17 1 0 0 17
37620 10 16 2 2 0 16
37680 13 17 1 1 0 17
37740 13 17 1 1 0 17
37800 15 17 1 2 0 17
37860 14 17 1 0 2 15
37920 16 17 1 2 0 17
37980 14 17 1 0 3 14
38040 11 17 1 1 1 15
38100 14 18 0 0 1 17
38160 15 18 0 1 3 15
38220 11 18 0 3 0 18
38280 13 18 0 5 1 17
38340 14 18 0 1 0 18
38400 12 18 0 1 1 17
38460 14 18 0 1 1 17
38520 14 16 2 2 0 16
38580 12 18 0 1 0 18
38640 11 18 0 2 0 18
38700 11 17 1 2 0 17
38760 15 17 1 0 1 16
38820 14 18 0 2 0 18
38880 14 18 0 2 1 17
38940 15 18 0 0 1 17
39000 13 18 0 2 1 17
39060 8 18 0 0 0 18
39120 9 18 0 3 0 18
39180 11 18 0 1 1 16
39240 8 18 0 4 0 18
39300 11 18 0 1 0 18
39360 14 18 0 0 0 18
39420 14 18 0 0 0 18
39480 11 18 0 1 0 18
39540 9 16 2 3 0 16
39600 8 18 0 0 0 18
39660 8 18 0 2 0 18
39720 9 18 0 2 2 16
39780 11 17 1 0 0 17
39840 13 17 1 0 0 17
39900 12 18 0 1 0 18
39960 14 17 1 0 0 17
40020 10 18 0 1 0 18
40080 9 18 0 2 0 18
40140 11 18 0 2 2 16
40200 12 18 0 1 0 18
40260 13 18 0 3 1 17
40320 10 17 1 3 1 16
40380 9 18 0 1 1 17
40440 12 18 0 5 0 18
40500 13 18 0 2 0 18
40560 13 17 1 0 1 16
40620 7 17 1 1 0 17
40680 10 18 0 2 0 18
40740 11 18 0 2 0 18
40800 9 17 1 1 0 17
40860 15 17 1 0 0 17
40920 13 16 2 0 0 16
40980 13 18 0 3 1 17
41040 17 18 0 1 1 17
41100 14 18 0 1 0 18
41160 11 17 1 3 0 17
41220 15 18 0 0 0 17
41280 11 16 2 1 1 15
41340 12 17 1 4 1 16
41400 13 15 3 1 0 15
41460 14 17 1 0 0 17
41520 16 18 0 1 0 18
41580 14 17 1 1 0 16
41640 11 17 1 0 2 15
41700 11 17 1 2 0 17
41760 7 16 2 4 0 16
41820 9 15 3 2 0 15
41880 11 18 0 1 0 18
41940 9 17 1 2 0 17
42000 14 18 0 1 0 18
42060 18 17 1 0 1 16
42120 15 17 1 0 0 17
42180 11 18 0 1 0 18
42240 11 17 1 2 0 17
42300 13 18 0 0 1 17
42360 14 17 1 0 1 16
42420 13 18 0 0 1 17
42480 16 16 2 1 0 15
42540 14 18 0 1 0 18
42600 16 18 0 0 2 16
42660 12 16 2 0 0 16
42720 15 17 1 0 0 17
42780 15 16 2 0 0 16
42840 14 18 0 0 1 16
42900 15 18 0 2 0 18
42960 11 18 0 0 1 17
43020 14 16 2 0 2 14
43080 15 17 1 2 1 16
43140 14 18 0 0 1 17
43200 7 18 0 3 0 18
43260 13 16 2 2 0 16
43320 7 18 0 6 0 18
43380 11 17 1 2 0 17
43440 14 18 0 1 0 18
43500 12 16 2 1 0 16
43560 12 18 0 2 0 18
43620 14 16 2 2 0 16
43680 11 18 0 3 0 18
43740 14 17 1 5 0 17
43800 14 18 0 0 1 17
43860 13 16 2 0 0 15
43920 11 18 0 1 0 18
43980 13 18 0 1 0 18
44040 14 17 1 1 0 17
44100 13 18 0 0 2 16
44160 13 17 1 1 1 16
44220 9 15 3 2 0 15
44280 15 18 0 0 2 16
44340 13 17 1 3 1 16
44400 14 18 0 2 4 14
44460 16 18 0 2 2 16
44520 14 16 2 0 2 14
44580 14 17 1 4 1 16
44640 13 17 1 1 0 17
44700 17 17 1 0 2 15
44760 17 18 0 0 2 16
44820 15 18 0 0 0 18
44880 9 18 0 2 0 18
44940 12 17 1 0 0 17
45000 13 17 1 2 2 15
45060 11 18 0 2 0 18
45120 10 18 0 2 0 18
45180 16 18 0 1 0 18
45240 11 18 0 2 1 17
45300 15 18 0 0 2 16
45360 14 16 2 0 2 14
45420 12 17 1 0 1 16
45480 13 17 1 1 0 17
45540 18 18 0 2 5 13
45600 10 17 1 1 0 17
45660 12 18 0 3 0 18
45720 8 18 0 2 0 18
45780 11 15 3 1 0 15
45840 11 18 0 0 1 17
45900 15 18 0 1 0 18
45960 15 18 0 0 3 15
46020 17 18 0 1 2 16
46080 4 17 1 2 0 17
46140 13 18 0 2 2 16
46200 10 17 1 1 0 17
46260 13 18 0 2 0 18
46320 12 18 0 6 1 17
46380 10 16 2 1 1 15
46440 10 17 1 1 0 17
46500 12 17 1 1 0 17
46560 10 17 1 0 0 17
46620 14 18 0 1 1 17
46680 12 18 0 2 1 17
46740 10 17 1 0 1 15
46800 13 16 2 2 0 16
46860 14 16 2 2 0 16
46920 14 16 2 0 1 15
46980 13 18 0 1 1 17
47040 13 16 2 0 1 15
47100 15 17 1 0 1 16
47160 15 16 2 1 1 15
47220 14 17 1 0 0 17
47280 14 16 2 0 0 16
47340 14 17 1 1 1 16
47400 16 16 2 1 3 13
47460 15 15 3 0 0 15
47520 14 16 2 0 2 14
47580 18 18 0 0 4 14
47640 13 18 0 1 1 17
47700 10 18 0 0 0 18
47760 14 15 3 0 2 13
47820 14 18 0 1 1 17
47880 14 16 2 3 0 16
47940 12 17 1 3 0 17
48000 13 17 1 2 0 17
48060 16 18 0 0 3 15
48120 9 17 1 1 1 16
48180 16 18 0 0 0 18
48240 13 17 1 0 0 17
48300 12 18 0 4 0 18
48360 12 17 1 0 1 16
48420 15 18 0 2 0 18
48480 14 16 2 1 0 16
48540 15 18 0 1 3 15
48600 14 18 0 1 0 17
48660 13 17 1 2 2 15
48720 13 17 1 2 0 17
48780 12 18 0 1 0 18
48840 11 18 0 4 0 18
48900 13 17 1 1 2 15
48960 12 17 1 2 1 16
49020 14 15 3 0 0 15
49080 14 18 0 1 2 16
49140 13 16 2 0 1 15
49200 9 18 0 2 1 17
49260 14 17 1 1 1 16
49320 18 17 1 0 2 15
49380 12 18 0 2 0 18
49440 12 17 1 1 0 17
49500 12 18 0 2 0 18
49560 13 17 1 1 1 16
49620 11 17 1 4 0 17
49680 14 17 1 0 0 17
49740 13 17 1 3 0 17
49800 14 18 0 1 0 18
49860 16 18 0 0 1 16
49920 14 17 1 1 1 16
49980 12 18 0 2 2 16
50040 12 18 0 1 0 18
50100 14 18 0 1 0 18
50160 13 17 1 0 1 16
50220 12 18 0 1 1 17
50280 13 17 1 2 0 17
50340 10 18 0 0 0 18
50400 13 18 0 0 1 17
50460 11 17 1 1 1 16
50520 14 18 0 0 0 18
50580 10 17 1 0 2 15
50640 15 15 3 2 0 15
50700 13 17 1 0 1 16
50760 14 17 1 0 2 15
50820 13 16 2 1 1 15
50880 15 18 0 4 1 17
50940 9 18 0 1 0 18
51000 16 18 0 0 5 13
51060 16 18 0 0 0 18
51120 11 18 0 0 0 18
51180 16 18 0 2 1 17
51240 15 15 3 3 1 14
51300 10 18 0 0 0 18
51360 13 18 0 2 0 18
51420 15 18 0 1 0 18
51480 15 17 1 0 0 17
51540 10 17 1 2 0 17
51600 8 18 0 3 0 18
51660 17 18 0 2 0 18
51720 14 17 1 3 0 17
51780 13 18 0 0 0 18
51840 14 17 1 1 0 17
51900 15 16 2 3 1 15
51960 11 18 0 4 1 17
52020 13 18 0 4 0 18
52080 10 17 1 1 0 17
52140 5 18 0 1 0 18
52200 12 17 1 3 0 17
52260 7 17 1 3 0 17
52320 10 16 2 1 0 16
52380 12 18 0 2 1 17
52440 15 18 0 3 0 17
52500 13 18 0 0 2 16
52560 9 17 1 2 0 17
52620 15 17 1 3 1 16
52680 16 18 0 0 0 18
52740 15 17 1 0 0 17
52800 14 18 0 4 0 18
52860 11 18 0 0 0 18
52920 14 17 1 1 0 17
52980 8 16 2 1 0 16
53040 9 18 0 1 0 18
53100 13 18 0 1 1 17
53160 12 18 0 2 1 17
53220 11 18 0 2 0 18
53280 13 16 2 1 0 16
53340 10 18 0 4 1 17
53400 11 17 1 0 1 16
53460 10 17 1 2 0 17
53520 14 18 0 2 0 18
53580 8 17 1 1 1 16
53640 9 18 0 1 0 18
53700 14 18 0 2 1 17
53760 14 17 1 3 0 17
53820 10 18 0 1 0 18
53880 13 18 0 3 1 17
53940 8 15 3 3 1 14
54000 8 18 0 4 0 18
54060 11 17 1 1 0 17
54120 6 17 1 4 0 17
54180 9 18 0 9 1 17
54240 9 18 0 6 0 18
54300 10 17 1 2 0 17
54360 11 18 0 0 0 18
54420 10 18 0 2 0 18
54480 12 16 2 4 0 16
54540 9 17 1 2 0 17
54600 10 17 1 0 1 16
54660 12 18 0 3 1 17
54720 8 17 1 3 0 17
54780 8 16 2 0 0 16
54840 12 18 0 1 1 17
54900 11 17 1 1 0 17
54960 13 18 0 0 0 18
55020 13 17 1 0 1 16
55080 9 18 0 3 1 17
55140 12 18 0 1 0 18
55200 17 16 2 0 3 13
55260 14 16 2 2 0 16
55320 14 17 1 1 2 15
55380 16 16 2 0 1 15
55440 14 18 0 0 1 17
55500 15 18 0 2 2 16
55560 12 18 0 1 0 18
55620 12 18 0 1 0 18
55680 13 18 0 2 2 16
55740 13 18 0 1 1 17
55800 13 16 2 1 1 15
55860 11 18 0 2 0 18
55920 8 17 1 5 0 17
55980 13 18 0 1 0 18
56040 12 18 0 1 0 18
56100 10 17 1 1 2 15
56160 11 17 1 2 0 17
56220 15 18 0 1 0 18
56280 12 18 0 0 1 17
56340 11 17 1 2 1 16
56400 11 17 1 1 1 16
56460 10 18 0 1 0 18
56520 10 18 0 4 0 18
56580 14 17 1 1 1 16
56640 12 17 1 3 0 17
56700 10 17 1 3 0 17
56760 9 17 1 1 0 17
56820 14 16 2 1 0 16
56880 11 16 2 2 1 15
56940 8 18 0 0 0 18
57000 14 18 0 1 1 17
57060 10 18 0 0 0 18
57120 16 17 1 2 2 14
57180 11 17 1 2 0 17
57240 12 18 0 3 2 16
57300 9 18 0 2 0 18
57360 10 18 0 2 2 16
57420 11 18 0 2 1 17
57480 13 18 0 5 0 18
57540 16 17 1 2 0 17
57600 10 18 0 1 0 18
57660 16 18 0 1 1 17
57720 12 17 1 3 0 17
57780 9 17 1 2 0 17
57840 8 17 1 2 0 17
57900 6 18 0 2 1 17
57960 9 18 0 2 0 18
58020 10 18 0 5 0 18
58080 16 16 2 0 2 14
58140 15 16 2 2 1 15
58200 14 17 1 2 1 15
58260 10 17 1 2 1 16
58320 13 18 0 2 2 16
58380 14 16 2 0 2 14
58440 12 18 0 1 0 18
58500 16 17 1 0 5 12
58560 16 17 1 0 1 16
58620 11 18 0 2 1 17
58680 12 18 0 0 0 18
58740 13 16 2 1 1 15
58800 13 17 1 1 0 17
58860 15 17 1 2 1 16
58920 12 17 1 1 0 17
58980 9 18 0 1 0 18
59040 9 18 0 3 0 18
59100 12 18 0 2 1 17
59160 12 18 0 3 0 18
59220 13 17 1 2 1 16
59280 15 18 0 0 1 16
59340 13 18 0 1 2 16
59400 13 18 0 0 0 18
59460 13 18 0 3 1 17
59520 12 17 1 1 0 17
59580 14 15 3 0 1 14
59640 16 17 1 0 1 16
59700 14 17 1 0 1 16
59760 14 18 0 1 0 18
59820 8 18 0 3 0 18
59880 10 18 0 2 0 18
59940 10 17 1 0 0 17
60000 10 18 0 0 0 18
60060 15 18 0 1 2 16
60120 12 18 0 1 0 18
60180 13 18 0 0 1 16
60240 8 17 1 0 0 17
60300 13 17 1 2 0 17
60360 13 18 0 2 0 18
60420 14 18 0 1 0 18
60480 16 18 0 1 1 17
60540 13 16 2 2 0 16
60600 9 17 1 0 0 17
60660 9 16 2 1 0 16
60720 16 18 0 0 0 17
60780 10 17 1 2 0 17
60840 13 18 0 0 2 16
60900 17 18 0 2 1 17
60960 12 16 2 1 3 13
61020 14 17 1 1 3 14
61080 14 18 0 2 1 17
61140 14 16 2 1 0 16
61200 15 18 0 1 0 18
61260 13 18 0 1 1 17
61320 9 18 0 0 1 17
61380 15 17 1 1 3 14
61440 12 18 0 1 1 17
61500 16 17 1 1 0 17
61560 11 17 1 1 0 17
61620 11 18 0 2 0 18
61680 14 18 0 0 1 17
61740 10 18 0 0 1 17
61800 15 17 1 2 4 13
61860 14 17 1 0 0 17
61920 16 16 2 1 0 16
61980 13 18 0 1 1 17
62040 16 17 1 2 0 17
62100 9 17 1 3 1 16
62160 13 18 0 1 0 18
62220 14 17 1 0 1 16
62280 13 18 0 1 1 17
62340 10 18 0 4 0 18
62400 9 18 0 1 0 18
62460 13 17 1 7 0 17
62520 9 17 1 0 1 16
62580 9 17 1 5 0 17
62640 10 17 1 1 0 17
62700 12 18 0 1 1 17
62760 10 18 0 2 0 18
62820 16 17 1 0 2 15
62880 13 18 0 0 1 17
62940 10 17 1 1 0 17
63000 11 18 0 4 2 16
63060 10 18 0 3 0 18
63120 13 17 1 3 0 17
63180 14 17 1 0 2 15
63240 15 17 1 3 2 15
63300 15 16 2 0 3 13
63360 12 17 1 2 2 15
63420 13 17 1 1 2 15
63480 13 16 2 0 1 15
63540 10 17 1 1 0 17
63600 11 17 1 2 0 17
63660 10 17 1 3 0 17
63720 12 18 0 2 0 18
63780 14 17 1 2 0 17
63840 13 18 0 0 1 17
63900 18 17 1 0 0 17
63960 17 18 0 0 3 15
64020 14 17 1 0 2 15
64080 13 18 0 1 1 17
64140 10 18 0 4 0 18
64200 14 17 1 1 0 17
64260 12 17 1 1 1 16
64320 12 18 0 2 0 17
64380 12 18 0 4 0 18
64440 7 18 0 1 1 17
64500 14 16 2 0 0 15
64560 14 17 1 0 0 17
64620 11 16 2 3 1 15
64680 13 18 0 2 0 18
64740 14 18 0 1 0 18
64800 11 17 1 3 1 16
64860 10 16 2 1 1 15
64920 13 18 0 3 0 18
64980 15 16 2 0 1 15
65040 15 17 1 1 1 16
65100 9 18 0 1 0 18
65160 13 18 0 2 1 17
65220 9 18 0 3 0 18
65280 8 17 1 2 0 17
65340 12 18 0 3 0 17
65400 9 18 0 3 0 18
65460 12 18 0 1 0 18
65520 11 17 1 2 0 17
65580 12 17 1 2 1 16
65640 14 17 1 0 1 16
65700 12 18 0 3 1 17
65760 12 17 1 0 0 17
65820 10 18 0 1 0 18
65880 16 15 3 0 0 15
65940 13 17 1 1 1 16
66000 16 17 1 0 1 16
66060 10 15 3 1 0 15
66120 13 18 0 0 2 16
66180 17 15 3 1 2 13
66240 14 16 2 1 4 12
66300 10 18 0 3 1 17
66360 12 18 0 1 0 18
66420 12 18 0 1 0 18
66480 15 17 1 1 2 15
66540 13 17 1 0 0 17
66600 13 18 0 3 0 18
66660 18 18 0 1 1 17
66720 15 18 0 1 0 18
66780 11 18 0 3 0 18
66840 11 17 1 1 0 17
66900 9 18 0 3 0 18
66960 9 18 0 5 0 18
67020 15 16 2 1 0 16
67080 17 17 1 1 1 15
67140 12 15 3 0 2 13
67200 13 18 0 3 1 17
67260 9 18 0 2 0 18
67320 15 16 2 1 0 16
67380 14 17 1 0 0 17
67440 16 17 1 1 0 17
67500 12 18 0 0 1 17
67560 11 17 1 4 0 17
67620 16 16 2 1 2 14
67680 15 18 0 1 0 18
67740 12 18 0 1 2 16
67800 8 18 0 2 0 18
67860 12 18 0 3 1 17
67920 13 18 0 1 0 18
67980 14 16 2 1 0 16
68040 14 17 1 2 0 17
68100 12 16 2 2 0 16
68160 15 17 1 1 0 17
68220 11 18 0 2 2 16
68280 11 16 2 1 0 16
68340 7 17 1 1 0 17
68400 11 16 2 1 1 15
68460 12 17 1 1 2 15
68520 9 17 1 1 2 15
68580 14 16 2 2 1 15
68640 9 18 0 1 0 18
68700 10 17 1 5 0 17
68760 12 17 1 1 0 17
68820 14 18 0 2 1 17
68880 12 18 0 2 0 18
68940 11 18 0 0 1 17
69000 13 17 1 2 1 16
69060 13 18 0 1 0 18
69120 11 18 0 1 1 17
69180 13 18 0 0 0 18
69240 10 17 1 2 0 17
69300 14 17 1 3 1 16
69360 14 17 1 0 1 16
69420 12 18 0 1 3 15
69480 10 17 1 2 0 17
69540 10 18 0 3 0 18
69600 13 17 1 1 0 17
69660 14 18 0 1 2 16
69720 12 15 3 0 0 15
69780 13 14 4 0 0 14
69840 14 16 2 0 1 15
69900 12 18 0 3 0 18
69960 12 18 0 0 0 18
70020 15 18 0 3 0 18
70080 13 18 0 1 0 18
70140 9 17 1 4 0 17
70200 12 18 0 2 0 18
70260 11 17 1 1 0 17
70320 10 17 1 0 0 17
70380 11 17 1 2 1 16
70440 13 17 1 1 0 17
70500 15 17 1 2 1 16
70560 11 18 0 4 0 18
70620 11 18 0 0 0 18
70680 15 18 0 0 0 18
70740 13 17 1 1 2 15
70800 11 17 1 4 1 16
70860 14 18 0 2 3 15
70920 13 17 1 2 1 16
70980 12 17 1 4 0 17
71040 14 18 0 0 0 18
71100 13 18 0 1 0 18
71160 11 16 2 1 0 16
71220 12 17 1 2 1 16
71280 8 18 0 3 0 18
71340 10 17 1 1 0 17
71400 12 18 0 3 0 18
71460 12 17 1 1 0 17
71520 13 18 0 2 1 16
71580 14 17 1 0 1 16
71640 12 17 1 3 2 15
71700 17 16 2 2 0 16
71760 13 18 0 1 1 17
71820 10 18 0 1 0 18
71880 10 18 0 2 0 18
71940 6 18 0 3 0 18
72000 11 18 0 0 0 18
72060 13 18 0 0 1 17
72120 13 16 2 0 0 16
72180 16 16 2 0 0 16
72240 14 16 2 0 3 13
72300 14 16 2 1 1 15
72360 13 17 1 2 1 16
72420 14 18 0 1 0 18
72480 14 17 1 1 1 16
72540 13 17 1 0 0 17
72600 15 18 0 0 0 18
72660 14 18 0 3 2 16
72720 12 18 0 1 0 18
72780 10 18 0 1 1 17
72840 12 17 1 0 0 17
72900 11 17 1 1 0 17
72960 13 18 0 2 1 17
73020 13 17 1 0 1 16
73080 16 16 2 1 0 16
73140 12 18 0 0 1 17
73200 12 17 1 1 0 17
73260 12 18 0 0 0 18
73320 17 18 0 1 0 17
73380 15 17 1 0 0 17
73440 12 17 1 0 0 17
73500 15 16 2 1 2 14
73560 14 17 1 0 0 17
73620 11 17 1 1 0 17
73680 13 18 0 1 2 16
73740 12 18 0 1 0 18
73800 11 18 0 1 0 18
73860 12 18 0 0 0 18
73920 12 17 1 1 2 15
73980 11 18 0 1 1 17
74040 13 18 0 1 1 17
74100 13 18 0 2 0 18
74160 9 17 1 4 0 17
74220 12 18 0 4 1 17
74280 13 16 2 3 1 15
74340 13 17 1 1 0 17
74400 12 18 0 2 2 16
74460 6 18 0 1 0 18
74520 11 17 1 4 0 17
74580 12 17 1 3 0 17
74640 10 18 0 5 1 17
74700 14 17 1 2 2 15
74760 10 18 0 0 1 17
74820 12 18 0 0 0 18
74880 11 17 1 1 1 16
74940 10 17 1 0 1 16
75000 10 18 0 0 0 18
75060 9 17 1 2 0 17
75120 13 17 1 2 0 17
75180 13 18 0 0 1 17
75240 16 17 1 0 1 16
75300 15 18 0 0 2 16
75360 7 17 1 1 0 17
75420 13 18 0 0 0 18
75480 14 18 0 3 1 17
75540 15 17 1 1 0 17
75600 13 18 0 1 2 16
75660 11 18 0 3 0 18
75720 12 18 0 2 1 17
75780 13 17 1 0 2 15
75840 13 16 2 0 1 15
75900 11 18 0 3 1 17
75960 16 18 0 2 0 18
76020 17 17 1 1 1 16
76080 14 18 0 1 0 18
76140 16 18 0 1 2 15
76200 13 18 0 1 1 17
76260 11 15 3 1 0 15
76320 8 17 1 5 0 17
76380 8 18 0 3 0 18
76440 6 18 0 4 0 18
76500 14 18 0 1 0 18
76560 11 18 0 1 0 18
76620 11 16 2 3 0 16
76680 13 17 1 2 2 15
76740 15 18 0 1 0 18
76800 11 17 1 2 0 17
76860 10 18 0 2 1 17
76920 13 17 1 2 0 17
76980 12 18 0 3 0 18
77040 10 17 1 1 1 16
77100 13 18 0 0 1 17
77160 11 18 0 0 0 18
77220 13 18 0 1 0 18
77280 12 17 1 1 0 17
77340 8 17 1 1 0 17
77400 10 17 1 3 0 16
77460 14 18 0 1 0 18
77520 15 17 1 0 3 14
77580 11 18 0 3 0 18
77640 14 15 3 2 0 15
77700 14 18 0 1 0 18
77760 15 17 1 0 1 16
77820 15 17 1 1 1 16
77880 15 18 0 3 1 17
77940 15 16 2 0 1 15
78000 13 17 1 0 0 17
78060 15 17 1 0 0 17
78120 15 18 0 0 1 17
78180 8 18 0 3 1 17
78240 10 18 0 2 0 18
78300 14 16 2 1 0 16
78360 16 18 0 1 1 17
78420 15 18 0 0 1 17
78480 17 18 0 0 2 16
78540 13 18 0 0 1 17
78600 16 17 1 1 1 16
78660 16 18 0 1 1 17
78720 14 18 0 1 3 15
78780 15 15 3 1 2 13
78840 11 17 1 1 0 17
78900 14 17 1 1 3 14
78960 15 17 1 1 0 17
79020 12 17 1 3 0 17
79080 10 18 0 2 1 17
79140 10 16 2 3 0 16
79200 12 18 0 2 0 18
79260 9 18 0 1 0 18
79320 10 18 0 3 0 18
79380 12 18 0 1 0 18
79440 9 17 1 4 1 16
79500 11 18 0 1 0 18
79560 10 17 1 4 1 16
79620 16 18 0 0 0 18
79680 13 17 1 3 2 15
79740 13 18 0 0 2 16
79800 14 16 2 1 0 16
79860 15 17 1 0 3 14
79920 11 18 0 1 2 16
79980 9 17 1 0 0 17
80040 11 18 0 2 0 18
80100 13 18 0 0 0 18
80160 12 17 1 0 0 17
80220 11 18 0 0 2 16
80280 12 18 0 2 0 18
80340 14 16 2 1 1 15
80400 14 15 3 1 0 14
80460 13 18 0 2 1 17
80520 12 17 1 2 0 17
80580 14 18 0 3 0 18
80640 11 17 1 1 0 17
80700 12 18 0 2 1 17
80760 12 18 0 0 0 18
80820 14 17 1 1 0 17
80880 12 17 1 2 1 16
80940 11 17 1 3 0 17
81000 13 18 0 3 0 18
81060 16 16 2 1 1 15
81120 12 18 0 3 0 18
81180 13 17 1 0 0 17
81240 14 16 2 0 1 15
81300 14 18 0 2 0 18
81360 13 17 1 1 0 17
81420 8 18 0 2 0 18
81480 7 17 1 6 0 17
81540 8 18 0 3 0 18
81600 14 18 0 3 0 18
81660 14 18 0 2 1 17
81720 15 17 1 1 1 16
81780 6 17 1 5 0 17
81840 14 18 0 3 0 18
81900 12 16 2 0 0 16
81960 13 18 0 2 0 18
82020 16 18 0 0 0 18
82080 15 18 0 0 1 17
82140 14 18 0 1 0 17
82200 11 18 0 2 0 18
82260 9 17 1 2 0 17
82320 10 18 0 2 0 17
82380 17 18 0 0 2 16
82440 14 17 1 1 0 17
82500 16 18 0 1 1 17
82560 12 17 1 1 1 16
82620 9 18 0 2 1 17
82680 9 17 1 4 0 17
82740 7 16 2 2 0 16
82800 13 17 1 0 1 16
82860 12 17 1 2 1 16
82920 14 17 1 2 1 16
82980 12 17 1 0 1 16
83040 12 16 2 3 0 16
83100 11 18 0 1 1 17
83160 10 18 0 3 0 18
83220 10 18 0 2 0 18
83280 10 18 0 0 2 16
83340 12 17 1 2 1 16
83400 12 18 0 3 0 18
83460 6 18 0 1 1 17
83520 13 17 1 3 0 17
83580 15 18 0 1 0 18
83640 13 17 1 0 1 16
83700 12 18 0 1 0 18
83760 12 18 0 2 1 17
83820 9 18 0 1 0 18
83880 14 17 1 4 0 17
83940 10 17 1 2 0 17
84000 13 18 0 1 1 17
84060 11 17 1 2 1 16
84120 16 18 0 1 0 18
84180 14 17 1 1 0 17
84240 12 18 0 0 1 17
84300 17 18 0 1 0 18
84360 13 18 0 0 2 16
84420 14 18 0 0 0 18
84480 6 18 0 2 1 17
84540 14 18 0 1 0 18
84600 11 18 0 3 1 17
84660 14 18 0 0 0 18
84720 17 18 0 0 1 17
84780 16 18 0 0 4 14
84840 13 18 0 1 1 17
84900 11 16 2 1 0 16
84960 9 17 1 2 1 16
85020 15 17 1 1 0 17
85080 13 18 0 2 0 18
85140 10 17 1 5 0 17
85200 11 16 2 3 1 15
85260 11 18 0 3 0 18
85320 11 18 0 2 0 18
85380 10 17 1 2 1 16
85440 10 17 1 0 1 16
85500 15 17 1 1 1 16
85560 17 18 0 0 2 16
85620 12 18 0 1 1 17
85680 11 18 0 2 0 18
85740 10 18 0 2 0 18
85800 9 18 0 2 0 18
85860 9 17 1 3 0 17
85920 12 17 1 3 0 17
85980 14 18 0 1 1 17
86040 11 18 0 1 0 18
86100 9 17 1 1 0 17
86160 9 18 0 2 2 16
86220 12 18 0 0 0 18
86280 11 17 1 1 0 17
86340 11 18 0 2 0 18
86400 10 18 0 3 0 18
