time CaMKII* CaMKII6 CaMKII7 PP1 x y
120 11 17 1 1 1 16
180 12 18 0 1 0 18
240 16 17 1 0 0 17
300 16 17 1 0 0 17
360 15 18 0 3 0 18
420 12 18 0 0 0 18
480 15 16 2 2 0 16
540 15 18 0 2 0 18
600 13 17 1 0 0 17
660 12 15 3 1 0 15
720 11 18 0 1 1 17
780 16 17 1 1 0 17
840 15 17 1 0 0 17
900 14 18 0 2 1 17
960 12 18 0 0 0 18
1020 16 17 1 0 2 15
1080 14 18 0 0 0 18
1140 13 17 1 0 1 16
1200 13 18 0 1 1 17
1260 11 18 0 0 0 18
1320 12 18 0 1 2 16
1380 11 17 1 2 0 17
1440 14 18 0 0 0 18
1500 10 17 1 0 0 17
1560 13 17 1 1 0 17
1620 17 17 1 2 0 17
1680 13 18 0 3 0 18
1740 15 16 2 0 0 16
1800 12 17 1 0 0 17
1860 13 18 0 1 0 18
1920 16 18 0 1 0 18
1980 15 16 2 1 0 16
2040 16 18 0 3 0 18
2100 15 18 0 1 0 18
2160 16 18 0 0 1 17
2220 15 18 0 1 0 18
2280 14 17 1 3 0 17
2340 13 15 3 1 0 15
2400 18 16 2 1 0 16
2460 14 17 1 0 1 15
2520 14 18 0 0 2 16
2580 10 17 1 1 0 17
2640 16 16 2 1 0 16
2700 11 16 2 1 0 16
2760 10 18 0 3 0 18
2820 15 18 0 2 0 18
2880 13 17 1 0 0 17
2940 17 15 3 0 0 15
3000 15 18 0 0 2 16
3060 13 18 0 0 0 18
3120 14 17 1 3 0 17
3180 15 17 1 0 0 17
3240 17 17 1 1 1 16
3300 14 18 0 0 0 18
3360 13 17 1 2 0 17
3420 16 18 0 0 0 18
3480 15 16 2 0 0 16
3540 17 17 1 0 1 16
3600 15 18 0 0 0 18
3660 17 18 0 1 3 15
3720 15 17 1 2 0 17
3780 15 18 0 1 0 18
3840 13 18 0 0 0 18
3900 13 17 1 0 0 17
3960 14 16 2 2 0 16
4020 15 18 0 1 0 18
4080 14 17 1 0 0 17
4140 17 18 0 0 1 17
4200 17 18 0 0 2 16
4260 15 18 0 0 2 16
4320 14 18 0 0 1 17
4380 15 17 1 1 0 17
4440 15 18 0 0 0 17
4500 16 18 0 2 0 18
4560 15 18 0 1 0 18
4620 16 17 1 0 0 17
4680 15 17 1 0 4 13
4740 15 18 0 2 2 16
4800 14 18 0 1 0 18
4860 11 17 1 1 0 17
4920 11 16 2 0 0 16
4980 15 18 0 0 0 18
5040 15 17 1 1 1 16
5100 14 18 0 0 2 16
5160 13 18 0 0 1 16
5220 14 18 0 1 2 16
5280 17 18 0 0 4 13
5340 14 18 0 2 0 18
5400 14 18 0 1 0 18
5460 13 18 0 1 2 16
5520 15 18 0 1 0 18
5580 16 18 0 1 0 18
5640 15 18 0 0 0 18
5700 12 18 0 1 0 18
5760 12 17 1 2 1 16
5820 14 16 2 1 0 16
5880 16 17 1 0 0 17
5940 12 15 3 0 0 15
6000 13 18 0 1 1 17
6060 12 17 1 0 1 16
6120 15 18 0 0 2 16
6180 14 18 0 0 0 18
6240 9 17 1 1 0 17
6300 14 17 1 1 0 16
6360 16 16 2 0 4 12
6420 16 18 0 2 0 18
6480 12 15 3 1 0 15
6540 15 17 1 0 0 17
6600 17 18 0 0 1 17
6660 17 17 1 0 2 15
6720 15 15 3 1 0 15
6780 12 18 0 1 0 18
6840 11 18 0 1 0 18
6900 17 18 0 1 1 17
6960 17 18 0 0 0 18
7020 12 16 2 1 0 16
7080 15 18 0 0 0 18
7140 13 17 1 0 0 17
7200 12 16 2 3 0 16
7260 13 18 0 2 0 18
7320 16 17 1 1 0 17
7380 18 17 1 0 1 16
7440 14 18 0 1 0 18
7500 14 18 0 2 1 17
7560 15 18 0 1 0 18
7620 15 18 0 1 1 16
7680 15 17 1 1 1 16
7740 17 18 0 2 0 18
7800 14 18 0 1 1 17
7860 11 18 0 0 0 18
7920 12 16 2 0 0 16
7980 13 17 1 0 0 16
8040 16 16 2 1 0 16
8100 11 18 0 1 0 18
8160 12 17 1 3 0 17
8220 12 18 0 0 0 18
8280 14 17 1 2 0 16
8340 15 18 0 2 0 18
8400 11 17 1 3 0 17
8460 15 18 0 0 1 17
8520 18 16 2 0 3 13
8580 17 18 0 0 4 14
8640 16 17 1 1 1 16
8700 13 18 0 0 0 18
8760 11 18 0 1 0 18
8820 15 17 1 1 0 17
8880 16 18 0 1 1 17
8940 13 17 1 0 1 16
9000 11 17 1 3 0 17
9060 17 18 0 1 1 17
9120 17 17 1 0 3 13
9180 15 17 1 0 1 16
9240 17 17 1 1 1 16
9300 8 15 3 1 0 15
9360 10 17 1 0 0 16
9420 17 18 0 1 1 17
9480 16 17 1 2 1 16
9540 13 18 0 0 0 17
9600 12 15 3 0 0 15
9660 16 18 0 0 1 17
9720 16 17 1 0 1 16
9780 12 18 0 0 0 18
9840 15 18 0 2 0 18
9900 14 18 0 1 0 18
9960 14 18 0 1 1 17
10020 18 17 1 1 4 13
10080 12 17 1 0 0 17
10140 11 18 0 0 0 18
10200 16 16 2 0 0 16
10260 16 18 0 0 1 16
10320 13 17 1 2 1 16
10380 12 17 1 1 1 16
10440 14 16 2 0 0 16
10500 17 18 0 0 3 15
10560 13 17 1 1 1 16
10620 16 17 1 0 0 17
10680 17 18 0 1 1 17
10740 17 18 0 0 2 16
10800 16 18 0 1 0 18
10860 12 18 0 1 0 18
10920 12 18 0 1 0 18
10980 15 17 1 3 1 16
11040 13 16 2 1 1 15
11100 7 18 0 2 0 18
11160 9 17 1 1 0 17
11220 15 17 1 0 1 16
11280 13 18 0 2 1 17
11340 12 17 1 2 0 17
11400 11 15 3 1 0 15
11460 15 17 1 0 0 16
11520 15 18 0 0 0 18
11580 17 18 0 0 1 17
11640 13 18 0 0 0 18
11700 11 18 0 1 0 18
11760 15 17 1 1 0 17
11820 14 18 0 0 2 16
11880 17 16 2 0 1 15
11940 14 18 0 0 0 17
12000 13 17 1 1 0 17
12060 15 18 0 0 2 16
12120 15 18 0 1 0 18
12180 12 18 0 0 1 17
12240 17 17 1 1 1 16
12300 16 18 0 0 0 18
12360 16 16 2 0 1 15
12420 15 16 2 2 0 16
12480 15 17 1 2 0 16
12540 15 18 0 0 1 17
12600 12 16 2 3 0 16
12660 13 17 1 0 1 16
12720 16 18 0 1 3 15
12780 16 18 0 1 0 18
12840 12 17 1 0 2 15
12900 15 18 0 1 1 17
12960 15 18 0 1 0 18
13020 16 18 0 0 0 18
13080 15 17 1 0 0 16
13140 14 17 1 1 0 16
13200 15 16 2 0 0 16
13260 18 17 1 0 1 16
13320 16 18 0 0 3 15
13380 15 17 1 1 0 17
13440 15 17 1 3 0 17
13500 13 18 0 2 0 18
13560 17 18 0 1 2 16
13620 15 18 0 1 1 17
13680 13 18 0 0 0 17
13740 12 15 3 2 0 15
13800 10 18 0 1 0 18
13860 15 18 0 0 1 17
13920 16 18 0 0 1 17
13980 11 16 2 0 0 16
14040 17 17 1 1 0 17
14100 15 18 0 3 0 18
14160 13 16 2 0 0 16
14220 14 17 1 0 0 17
14280 15 18 0 1 0 18
14340 13 17 1 1 0 17
14400 17 17 1 0 1 16
14460 18 17 1 1 1 16
14520 14 18 0 0 2 16
14580 11 18 0 4 0 18
14640 13 18 0 1 0 18
14700 13 17 1 1 0 17
14760 16 17 1 1 0 17
14820 14 17 1 2 0 17
14880 16 18 0 2 1 17
14940 17 16 2 1 0 16
15000 16 18 0 0 1 17
15060 11 18 0 2 0 18
15120 13 18 0 3 0 18
15180 16 18 0 2 0 18
15240 15 17 1 0 1 16
15300 15 18 0 0 0 18
15360 13 17 1 0 0 17
15420 12 17 1 1 0 17
15480 16 18 0 1 0 18
15540 15 17 1 0 1 16
15600 14 17 1 0 0 17
15660 14 16 2 1 2 14
15720 12 18 0 1 0 18
15780 15 17 1 0 0 17
15840 14 16 2 1 1 15
15900 13 17 1 0 1 16
15960 14 18 0 2 0 18
16020 13 17 1 2 0 17
16080 15 18 0 0 1 16
16140 16 18 0 0 1 16
16200 16 16 2 1 0 16
16260 16 18 0 0 1 16
16320 12 18 0 0 0 18
16380 17 18 0 2 0 18
16440 16 18 0 0 0 18
16500 14 17 1 0 0 17
16560 18 18 0 1 1 17
16620 13 18 0 0 0 18
16680 16 18 0 0 3 15
16740 18 18 0 0 2 15
16800 16 17 1 0 2 15
16860 13 15 3 0 0 15
16920 14 17 1 3 1 16
16980 10 17 1 2 0 17
17040 15 18 0 1 1 17
17100 16 17 1 0 2 15
17160 16 16 2 0 1 14
17220 14 17 1 2 0 17
17280 14 18 0 1 0 18
17340 11 18 0 4 0 18
17400 12 18 0 2 0 18
17460 11 17 1 0 0 17
17520 15 16 2 2 1 15
17580 14 17 1 1 1 16
17640 16 18 0 0 0 18
17700 16 17 1 1 1 16
17760 14 16 2 1 0 16
17820 15 18 0 0 0 18
17880 16 18 0 1 0 18
17940 15 18 0 1 0 18
18000 15 17 1 0 0 16
18060 14 17 1 1 0 17
18120 15 17 1 1 1 16
18180 15 17 1 0 1 16
18240 16 17 1 0 0 17
18300 14 18 0 0 1 17
18360 16 18 0 1 1 17
18420 12 17 1 2 0 17
18480 14 17 1 1 0 17
18540 17 16 2 1 0 16
18600 15 17 1 2 1 16
18660 13 18 0 0 0 18
18720 11 17 1 1 0 17
18780 15 17 1 0 0 17
18840 15 18 0 0 2 16
18900 15 17 1 0 1 16
18960 15 18 0 1 0 17
19020 13 17 1 0 0 17
19080 14 17 1 0 0 17
19140 14 17 1 0 1 16
19200 14 18 0 0 0 17
19260 14 17 1 2 0 16
19320 13 17 1 2 0 17
19380 11 17 1 2 0 17
19440 10 18 0 0 0 18
19500 16 18 0 0 1 17
19560 17 17 1 2 0 17
19620 16 17 1 1 1 16
19680 14 17 1 1 0 17
19740 18 18 0 0 2 16
19800 18 18 0 0 2 15
19860 13 16 2 3 0 16
19920 16 18 0 0 1 17
19980 16 18 0 0 2 16
20040 14 18 0 0 0 18
20100 11 17 1 2 0 17
20160 15 18 0 0 1 17
20220 16 17 1 2 1 16
20280 15 17 1 3 0 17
20340 17 17 1 0 1 16
20400 11 18 0 2 0 18
20460 14 18 0 3 0 18
20520 15 17 1 0 0 17
20580 17 17 1 0 2 15
20640 16 18 0 1 0 18
20700 13 16 2 1 0 16
20760 16 18 0 1 0 18
20820 11 17 1 1 0 17
20880 12 18 0 3 0 18
20940 17 18 0 0 0 18
21000 14 16 2 3 0 16
21060 10 18 0 2 0 18
21120 12 17 1 1 0 17
21180 12 18 0 2 0 18
21240 12 18 0 0 0 18
21300 12 17 1 1 1 16
21360 12 17 1 0 0 17
21420 13 18 0 2 0 17
21480 13 17 1 2 0 17
21540 14 18 0 2 0 18
21600 11 16 2 1 2 14
21660 16 18 0 0 0 18
21720 13 18 0 0 0 18
21780 17 18 0 0 0 18
21840 13 17 1 1 1 16
21900 17 18 0 3 0 18
21960 15 18 0 1 0 18
22020 16 17 1 0 1 16
22080 12 17 1 2 0 17
22140 17 16 2 1 0 16
22200 17 17 1 0 2 15
22260 11 17 1 3 0 17
22320 16 16 2 1 1 15
22380 13 16 2 2 0 16
22440 11 18 0 2 0 18
22500 14 17 1 1 0 17
22560 12 18 0 0 0 18
22620 16 17 1 1 0 17
22680 15 15 3 1 0 15
22740 15 17 1 0 2 15
22800 13 18 0 1 1 17
22860 17 17 1 0 1 16
22920 12 18 0 2 0 18
22980 13 18 0 3 0 18
23040 14 18 0 0 0 18
23100 15 18 0 0 0 18
23160 13 18 0 2 0 18
23220 12 16 2 2 0 16
23280 15 18 0 0 0 18
23340 16 18 0 1 2 16
23400 16 18 0 0 0 18
23460 10 18 0 2 0 18
23520 11 18 0 0 1 17
23580 16 17 1 1 0 16
23640 16 18 0 1 1 17
23700 10 17 1 1 0 17
23760 16 18 0 0 2 16
23820 15 14 4 1 0 14
23880 14 18 0 2 0 18
23940 14 18 0 0 0 18
24000 17 18 0 2 0 18
24060 15 18 0 1 1 17
24120 14 16 2 0 1 15
24180 16 17 1 0 0 17
24240 11 16 2 3 3 13
24300 13 18 0 0 0 18
24360 17 17 1 1 0 17
24420 16 18 0 0 1 17
24480 17 18 0 1 2 16
24540 14 18 0 2 1 17
24600 13 18 0 2 0 18
24660 13 18 0 1 0 18
24720 11 18 0 2 0 18
24780 13 18 0 2 0 18
24840 15 18 0 0 0 18
24900 14 17 1 0 1 16
24960 15 18 0 1 0 18
25020 15 18 0 0 0 18
25080 16 18 0 2 0 18
25140 14 15 3 0 0 15
25200 18 16 2 1 2 14
25260 16 18 0 0 1 17
25320 17 18 0 0 0 18
25380 15 18 0 0 0 18
25440 18 18 0 1 0 18
25500 16 17 1 1 0 17
25560 16 17 1 0 0 17
25620 14 18 0 0 0 18
25680 13 18 0 1 0 18
25740 13 17 1 1 0 17
25800 17 17 1 2 0 17
25860 14 18 0 0 1 17
25920 12 17 1 0 0 16
25980 14 18 0 1 0 18
26040 14 18 0 0 0 18
26100 16 18 0 0 0 18
26160 16 18 0 1 1 17
26220 17 18 0 1 0 18
26280 12 17 1 1 0 17
26340 15 18 0 1 0 18
26400 12 18 0 1 0 18
26460 14 18 0 2 1 17
26520 15 17 1 0 1 16
26580 15 18 0 0 0 18
26640 16 17 1 0 0 17
26700 16 13 5 0 1 12
26760 15 17 1 0 2 15
26820 17 15 3 0 0 15
26880 15 18 0 1 1 17
26940 15 17 1 2 2 15
27000 18 18 0 1 1 17
27060 14 18 0 2 1 17
27120 11 18 0 0 0 18
27180 16 18 0 0 1 17
27240 15 18 0 2 1 17
27300 15 17 1 0 0 16
27360 17 18 0 0 0 18
27420 17 18 0 1 0 18
27480 9 18 0 4 1 17
27540 15 17 1 1 2 14
27600 12 17 1 0 0 17
27660 12 17 1 0 0 17
27720 17 18 0 2 0 18
27780 15 16 2 0 1 14
27840 17 18 0 0 1 17
27900 9 18 0 0 0 18
27960 17 18 0 1 0 18
28020 11 18 0 0 0 18
28080 16 17 1 0 0 17
28140 18 18 0 1 0 17
28200 14 17 1 0 0 16
28260 15 18 0 0 1 17
28320 16 17 1 0 0 17
28380 16 17 1 1 0 17
28440 16 17 1 1 0 17
28500 16 16 2 1 0 16
28560 11 18 0 2 0 17
28620 13 17 1 0 0 17
28680 13 15 3 2 0 15
28740 15 18 0 1 0 18
28800 16 17 1 1 0 16
28860 13 16 2 2 2 14
28920 12 17 1 1 0 17
28980 12 17 1 1 1 16
29040 13 18 0 3 0 18
29100 14 18 0 1 0 17
29160 18 18 0 0 1 17
29220 15 17 1 0 1 15
29280 14 15 3 0 0 15
29340 12 18 0 2 1 17
29400 16 18 0 0 1 17
29460 16 17 1 1 1 16
29520 13 18 0 0 0 18
29580 14 18 0 0 0 18
29640 15 17 1 1 0 17
29700 15 18 0 0 0 18
29760 13 17 1 2 0 17
29820 16 18 0 0 2 16
29880 16 17 1 1 0 17
29940 15 17 1 0 0 17
30000 18 18 0 0 3 15
30060 16 17 1 1 0 17
30120 11 17 1 1 0 17
30180 12 17 1 2 1 16
30240 14 18 0 0 0 18
30300 17 18 0 2 0 17
30360 15 18 0 0 2 16
30420 16 17 1 1 1 16
30480 9 17 1 5 0 17
30540 16 17 1 0 1 16
30600 14 17 1 0 0 17
30660 15 18 0 0 0 18
30720 16 18 0 1 1 17
30780 13 18 0 1 0 18
30840 14 17 1 0 0 17
30900 14 18 0 1 1 17
30960 18 18 0 0 1 17
31020 11 17 1 0 0 17
31080 14 18 0 1 0 17
31140 14 18 0 1 0 18
31200 11 16 2 2 0 16
31260 12 17 1 0 0 17
31320 10 18 0 3 0 18
31380 17 18 0 0 2 16
31440 15 18 0 0 1 17
31500 17 18 0 0 1 17
31560 15 18 0 0 0 18
31620 16 16 2 1 0 15
31680 13 17 1 0 0 17
31740 16 18 0 0 2 16
31800 15 17 1 0 1 16
31860 17 18 0 1 1 16
31920 13 17 1 0 1 15
31980 15 16 2 0 2 14
32040 10 18 0 1 1 17
32100 14 16 2 0 1 15
32160 12 18 0 2 0 18
32220 16 18 0 0 0 18
32280 13 17 1 0 0 17
32340 13 17 1 2 1 16
32400 12 16 2 3 0 16
32460 11 16 2 3 0 16
32520 15 18 0 1 1 17
32580 15 16 2 0 0 16
32640 14 18 0 1 0 18
32700 17 17 1 0 0 17
32760 13 18 0 0 0 18
32820 14 18 0 0 0 18
32880 16 17 1 2 0 17
32940 15 18 0 0 0 18
33000 15 16 2 1 1 15
33060 17 17 1 0 0 17
33120 15 17 1 1 1 16
33180 17 16 2 1 0 16
33240 17 17 1 0 3 14
33300 14 18 0 2 0 18
33360 14 17 1 2 0 17
33420 15 17 1 1 0 17
33480 17 18 0 1 0 17
33540 12 15 3 2 0 15
33600 14 18 0 1 0 18
33660 15 18 0 2 1 17
33720 11 17 1 2 0 17
33780 14 18 0 1 2 16
33840 17 17 1 0 0 17
33900 16 18 0 1 0 18
33960 15 18 0 0 0 18
34020 18 18 0 0 0 18
34080 18 15 3 0 1 14
34140 17 18 0 1 2 16
34200 13 18 0 0 0 18
34260 15 18 0 2 0 18
34320 16 17 1 1 0 17
34380 13 17 1 0 1 16
34440 15 18 0 1 0 17
34500 15 18 0 1 0 18
34560 13 17 1 0 1 16
34620 15 18 0 0 1 17
34680 15 17 1 0 1 16
34740 14 17 1 2 1 16
34800 8 18 0 2 0 18
34860 12 18 0 0 1 17
34920 12 17 1 0 0 17
34980 15 18 0 0 1 17
35040 13 17 1 2 1 16
35100 16 17 1 1 0 17
35160 15 17 1 3 0 17
35220 16 18 0 0 2 16
35280 13 17 1 1 0 17
35340 13 17 1 1 0 17
35400 16 18 0 1 3 15
35460 13 18 0 2 0 18
35520 15 17 1 0 0 17
35580 16 16 2 0 1 15
35640 15 14 4 1 0 14
35700 13 17 1 0 0 17
35760 15 17 1 0 2 15
35820 14 18 0 1 0 18
35880 14 18 0 0 0 18
35940 12 17 1 2 0 17
36000 13 18 0 0 1 17
36060 14 17 1 2 0 17
36120 17 17 1 1 0 17
36180 14 18 0 0 1 17
36240 11 18 0 1 0 18
36300 16 17 1 0 1 16
36360 12 17 1 1 0 17
36420 15 18 0 0 1 17
36480 16 18 0 1 0 18
36540 17 16 2 1 1 15
36600 13 18 0 0 0 18
36660 16 17 1 0 1 16
36720 16 18 0 0 0 18
36780 15 18 0 1 0 18
36840 15 18 0 1 2 16
36900 17 18 0 0 1 17
36960 17 18 0 1 1 17
37020 14 16 2 1 1 15
37080 16 18 0 1 0 17
37140 12 16 2 0 0 16
37200 16 17 1 0 0 17
37260 15 17 1 1 0 17
37320 16 17 1 0 2 15
37380 16 18 0 0 2 16
37440 17 18 0 0 2 16
37500 15 16 2 0 1 15
37560 17 18 0 1 2 16
37620 16 17 1 0 0 17
37680 12 18 0 2 0 18
37740 13 17 1 3 0 17
37800 17 17 1 0 1 16
37860 17 17 1 2 0 17
37920 14 18 0 0 0 18
37980 16 16 2 0 0 16
38040 14 17 1 1 1 16
38100 16 18 0 1 0 18
38160 15 18 0 0 1 17
38220 16 17 1 0 1 15
38280 12 17 1 1 0 17
38340 13 17 1 3 0 17
38400 15 18 0 1 0 18
38460 16 18 0 0 2 16
38520 15 17 1 0 1 16
38580 16 18 0 2 0 17
38640 13 16 2 0 2 14
38700 12 16 2 2 1 15
38760 15 18 0 1 0 18
38820 12 18 0 1 0 18
38880 12 17 1 2 0 17
38940 14 17 1 1 0 17
39000 12 17 1 0 1 16
39060 12 18 0 2 0 18
39120 16 16 2 0 1 15
39180 13 17 1 0 0 17
39240 12 18 0 1 0 18
39300 14 18 0 1 0 18
39360 15 14 4 0 0 14
39420 17 18 0 0 0 18
39480 16 17 1 0 2 15
39540 15 18 0 0 1 17
39600 17 17 1 0 0 16
39660 14 17 1 1 0 17
39720 15 18 0 1 1 17
39780 18 17 1 0 1 16
39840 12 18 0 1 1 17
39900 15 18 0 0 0 18
39960 13 17 1 0 1 16
40020 14 17 1 0 0 17
40080 16 17 1 0 1 16
40140 18 18 0 1 1 17
40200 15 18 0 0 0 17
40260 12 17 1 0 0 17
40320 13 17 1 2 0 17
40380 15 18 0 0 1 17
40440 16 17 1 0 1 16
40500 14 18 0 0 1 17
40560 14 17 1 1 1 16
40620 17 18 0 1 1 17
40680 18 16 2 0 0 16
40740 16 17 1 0 0 17
40800 15 16 2 0 2 14
40860 12 17 1 2 0 17
40920 13 17 1 1 0 17
40980 15 18 0 2 1 17
41040 12 17 1 1 0 17
41100 15 17 1 1 0 17
41160 13 18 0 3 0 18
41220 14 18 0 0 0 18
41280 16 17 1 1 0 16
41340 16 17 1 1 1 16
41400 12 18 0 5 0 18
41460 15 18 0 0 0 18
41520 13 18 0 0 2 16
41580 15 15 3 2 0 15
41640 17 15 3 1 0 15
41700 15 18 0 0 1 17
41760 13 16 2 0 1 15
41820 15 18 0 2 0 18
41880 15 18 0 0 0 18
41940 18 17 1 0 1 16
42000 14 17 1 0 0 17
42060 17 16 2 0 1 15
42120 12 17 1 1 0 17
42180 17 17 1 1 1 16
42240 11 17 1 0 0 17
42300 17 17 1 0 1 16
42360 14 18 0 0 0 18
42420 16 15 3 0 1 14
42480 12 18 0 1 0 18
42540 12 18 0 1 0 18
42600 16 18 0 1 0 18
42660 15 18 0 0 0 18
42720 14 18 0 1 0 18
42780 16 18 0 0 2 16
42840 15 18 0 0 0 18
42900 14 17 1 3 0 17
42960 11 18 0 0 0 18
43020 11 17 1 1 0 17
43080 9 18 0 1 0 18
43140 15 16 2 2 0 16
43200 9 17 1 2 1 16
43260 16 18 0 0 1 17
43320 13 18 0 0 0 18
43380 14 17 1 1 1 16
43440 15 18 0 1 0 18
43500 16 17 1 0 1 16
43560 14 16 2 1 0 16
43620 15 18 0 1 0 17
43680 11 17 1 1 0 17
43740 16 17 1 1 1 16
43800 16 17 1 0 1 16
43860 14 18 0 1 0 18
43920 17 17 1 0 3 14
43980 12 16 2 0 0 16
44040 15 17 1 0 0 17
44100 13 18 0 2 1 17
44160 11 18 0 2 0 18
44220 13 17 1 1 0 17
44280 15 17 1 0 0 16
44340 15 17 1 1 0 17
44400 14 16 2 1 0 16
44460 15 16 2 1 0 16
44520 14 17 1 0 1 16
44580 16 17 1 1 1 16
44640 14 17 1 1 0 17
44700 15 16 2 2 0 16
44760 13 16 2 1 0 15
44820 10 18 0 2 0 18
44880 11 18 0 1 0 18
44940 13 17 1 1 0 17
45000 10 18 0 2 0 18
45060 12 15 3 0 0 15
45120 16 17 1 1 0 17
45180 14 17 1 0 0 17
45240 14 18 0 1 0 18
45300 12 17 1 0 0 17
45360 16 18 0 0 2 16
45420 16 18 0 0 0 18
45480 13 17 1 0 0 17
45540 12 16 2 2 0 16
45600 14 17 1 0 0 17
45660 13 16 2 1 0 16
45720 17 18 0 1 0 18
45780 12 17 1 0 0 17
45840 11 17 1 0 0 17
45900 14 16 2 0 0 16
45960 13 17 1 0 0 17
46020 13 18 0 2 0 18
46080 17 16 2 0 2 14
46140 17 17 1 2 0 17
46200 15 18 0 2 1 17
46260 17 17 1 0 0 17
46320 15 16 2 0 1 15
46380 12 18 0 0 0 18
46440 13 18 0 2 0 18
46500 15 17 1 1 0 17
46560 12 17 1 0 0 17
46620 9 16 2 2 0 16
46680 16 18 0 1 0 18
46740 11 18 0 1 0 18
46800 11 16 2 0 1 15
46860 13 17 1 0 1 16
46920 15 17 1 2 0 17
46980 14 18 0 1 0 18
47040 16 17 1 1 1 16
47100 16 18 0 1 3 15
47160 18 16 2 0 2 14
47220 18 17 1 0 3 14
47280 17 18 0 0 0 18
47340 15 17 1 0 0 17
47400 11 18 0 1 0 18
47460 7 16 2 0 0 16
47520 14 18 0 1 0 18
47580 16 17 1 0 0 17
47640 16 17 1 1 0 17
47700 17 16 2 0 0 16
47760 14 18 0 1 0 18
47820 17 18 0 0 1 17
47880 14 18 0 0 1 17
47940 16 18 0 0 1 17
48000 13 18 0 0 0 18
48060 15 18 0 0 0 18
48120 13 18 0 1 0 18
48180 15 18 0 1 0 18
48240 18 18 0 3 2 16
48300 18 16 2 0 0 16
48360 15 17 1 1 1 16
48420 16 18 0 1 0 18
48480 12 18 0 3 0 17
48540 15 18 0 0 0 18
48600 11 18 0 4 0 18
48660 15 18 0 0 0 18
48720 14 18 0 2 1 17
48780 11 18 0 2 0 18
48840 15 16 2 3 0 16
48900 14 17 1 0 1 16
48960 13 18 0 0 0 18
49020 15 18 0 1 0 18
49080 14 17 1 0 0 17
49140 15 17 1 0 0 17
49200 14 17 1 1 0 17
49260 12 16 2 1 0 15
49320 17 16 2 0 0 16
49380 13 17 1 0 0 17
49440 16 18 0 0 4 14
49500 13 16 2 0 0 16
49560 15 18 0 1 0 18
49620 12 17 1 2 0 17
49680 11 18 0 1 0 18
49740 11 18 0 1 0 18
49800 15 18 0 0 1 16
49860 14 17 1 1 1 16
49920 12 18 0 2 0 18
49980 8 18 0 2 0 18
50040 17 17 1 0 1 16
50100 14 18 0 0 1 17
50160 17 18 0 0 1 17
50220 14 18 0 0 1 17
50280 14 17 1 2 0 17
50340 16 17 1 1 0 17
50400 11 18 0 0 0 18
50460 14 17 1 0 0 17
50520 10 17 1 1 0 17
50580 16 18 0 1 1 17
50640 15 18 0 0 0 18
50700 17 18 0 1 2 16
50760 14 17 1 1 1 16
50820 16 18 0 2 2 16
50880 17 17 1 0 0 17
50940 18 17 1 1 1 16
51000 14 18 0 1 1 17
51060 15 17 1 1 0 17
51120 12 17 1 2 0 17
51180 11 18 0 0 0 18
51240 15 17 1 0 0 17
51300 16 17 1 0 1 16
51360 16 18 0 0 3 15
51420 15 18 0 1 1 17
51480 17 17 1 0 1 16
51540 14 18 0 0 1 17
51600 12 18 0 0 0 18
51660 16 15 3 2 0 15
51720 10 16 2 1 0 16
51780 14 17 1 1 0 17
51840 16 17 1 1 0 17
51900 17 18 0 1 1 17
51960 15 16 2 0 0 16
52020 14 17 1 1 0 17
52080 14 18 0 1 0 18
52140 17 16 2 0 4 12
52200 12 18 0 1 1 17
52260 15 15 3 1 1 14
52320 18 15 3 0 1 14
52380 11 18 0 0 0 18
52440 9 16 2 2 0 16
52500 16 18 0 0 1 17
52560 16 17 1 0 1 16
52620 15 17 1 0 0 17
52680 16 18 0 1 1 17
52740 13 18 0 1 1 17
52800 8 17 1 2 0 17
52860 17 18 0 0 2 15
52920 12 17 1 1 0 17
52980 17 18 0 0 0 18
53040 17 18 0 0 1 17
53100 17 17 1 0 0 17
53160 16 17 1 1 0 17
53220 16 18 0 1 0 18
53280 15 17 1 1 2 15
53340 16 18 0 1 1 17
53400 17 18 0 0 0 18
53460 12 17 1 4 1 16
53520 11 17 1 2 0 17
53580 15 17 1 1 0 17
53640 13 18 0 0 0 18
53700 17 18 0 2 0 18
53760 14 18 0 0 0 17
53820 12 17 1 0 1 16
53880 14 18 0 4 1 17
53940 12 17 1 1 0 17
54000 18 16 2 0 0 16
54060 17 18 0 0 1 17
54120 13 18 0 0 1 17
54180 16 17 1 1 0 17
54240 18 18 0 0 1 17
54300 18 16 2 0 0 16
54360 17 16 2 1 0 15
54420 16 17 1 1 0 17
54480 13 18 0 1 0 18
54540 14 16 2 2 1 15
54600 15 18 0 1 0 18
54660 14 18 0 0 0 18
54720 16 18 0 2 0 18
54780 16 18 0 3 0 18
54840 9 17 1 0 0 17
54900 15 17 1 0 0 17
54960 14 18 0 0 1 17
55020 17 16 2 0 0 16
55080 15 17 1 2 0 17
55140 15 17 1 0 1 16
55200 15 18 0 1 0 18
55260 13 16 2 1 0 16
55320 15 18 0 0 0 18
55380 17 17 1 0 2 15
55440 11 18 0 0 0 18
55500 16 18 0 1 2 16
55560 10 18 0 1 0 18
55620 15 18 0 1 0 18
55680 16 18 0 0 0 18
55740 16 17 1 1 0 17
55800 14 17 1 0 0 17
55860 16 16 2 0 0 16
55920 16 18 0 0 0 17
55980 18 16 2 2 0 16
56040 13 17 1 1 1 16
56100 15 16 2 0 0 16
56160 12 17 1 0 1 16
56220 15 18 0 1 0 18
56280 15 18 0 0 0 18
56340 15 18 0 1 0 17
56400 17 17 1 0 1 16
56460 15 18 0 2 0 18
56520 12 18 0 0 2 16
56580 14 18 0 0 0 18
56640 15 17 1 0 0 17
56700 9 18 0 1 0 18
56760 12 16 2 1 0 16
56820 13 17 1 0 0 17
56880 18 17 1 1 0 17
56940 17 18 0 1 1 17
57000 16 17 1 3 0 17
57060 16 17 1 2 0 17
57120 14 18 0 1 1 17
57180 10 18 0 1 0 18
57240 11 18 0 2 0 18
57300 7 18 0 2 0 18
57360 16 17 1 0 2 15
57420 13 16 2 1 0 16
57480 14 18 0 1 1 17
57540 16 17 1 0 2 15
57600 16 18 0 1 0 18
57660 14 17 1 2 1 16
57720 14 17 1 1 0 17
57780 15 16 2 1 0 16
57840 18 17 1 0 0 16
57900 16 17 1 1 0 17
57960 14 18 0 0 0 18
58020 7 16 2 2 0 16
58080 11 17 1 2 0 17
58140 12 17 1 0 0 17
58200 17 18 0 0 0 18
58260 17 16 2 1 0 16
58320 13 18 0 1 0 18
58380 16 17 1 2 0 17
58440 13 17 1 0 0 17
58500 16 17 1 0 1 15
58560 17 17 1 0 0 17
58620 17 18 0 1 2 16
58680 13 18 0 3 0 18
58740 16 17 1 0 0 17
58800 15 18 0 0 2 16
58860 16 18 0 0 0 18
58920 18 16 2 0 1 15
58980 10 18 0 0 0 18
59040 13 17 1 0 0 17
59100 15 16 2 0 0 16
59160 12 17 1 0 0 17
59220 11 17 1 1 0 17
59280 15 16 2 2 0 15
59340 15 15 3 2 1 14
59400 13 18 0 2 1 17
59460 15 18 0 2 1 17
59520 17 16 2 1 1 15
59580 13 18 0 1 0 18
59640 12 16 2 4 0 16
59700 16 18 0 0 1 17
59760 12 17 1 2 0 17
59820 13 17 1 0 1 16
59880 18 17 1 1 1 16
59940 15 17 1 0 1 15
60000 15 17 1 2 0 17
60060 16 17 1 1 0 17
60120 13 16 2 1 0 16
60180 16 17 1 1 0 17
60240 13 18 0 0 1 17
60300 17 18 0 0 2 16
60360 15 18 0 1 1 17
60420 16 18 0 1 1 17
60480 14 18 0 0 0 18
60540 15 16 2 1 0 16
60600 17 16 2 0 1 15
60660 16 18 0 0 1 17
60720 13 18 0 1 1 17
60780 15 17 1 0 0 17
60840 15 18 0 1 0 18
60900 15 18 0 0 1 17
60960 8 17 1 3 0 17
61020 16 17 1 1 0 17
61080 16 16 2 0 0 16
61140 13 17 1 1 0 17
61200 16 17 1 0 0 17
61260 12 16 2 1 0 16
61320 17 18 0 0 2 16
61380 17 17 1 0 1 14
61440 16 16 2 1 0 16
61500 16 17 1 1 0 17
61560 14 18 0 1 0 18
61620 11 18 0 0 0 18
61680 13 18 0 1 0 18
61740 14 17 1 3 0 17
61800 16 16 2 0 2 14
61860 14 18 0 2 0 18
61920 15 18 0 2 1 17
61980 15 18 0 0 3 15
62040 14 18 0 2 1 17
62100 11 18 0 1 0 18
62160 15 17 1 1 1 16
62220 16 16 2 1 0 16
62280 18 17 1 0 3 14
62340 15 16 2 1 0 16
62400 13 17 1 1 0 17
62460 11 17 1 0 0 17
62520 14 18 0 0 0 18
62580 10 16 2 0 1 15
62640 15 18 0 1 1 17
62700 15 18 0 0 0 18
62760 17 17 1 2 0 17
62820 11 18 0 0 0 18
62880 12 16 2 3 0 16
62940 17 17 1 0 0 17
63000 17 17 1 0 3 14
63060 15 17 1 0 1 16
63120 16 18 0 1 1 17
63180 16 16 2 1 1 15
63240 13 17 1 0 0 17
63300 11 18 0 3 0 18
63360 13 17 1 0 0 17
63420 15 17 1 1 1 16
63480 13 18 0 0 0 18
63540 14 18 0 2 0 18
63600 13 18 0 3 0 18
63660 13 15 3 1 0 15
63720 15 18 0 0 0 18
63780 13 17 1 1 0 17
63840 15 17 1 1 0 17
63900 16 17 1 0 0 17
63960 15 16 2 1 0 16
64020 12 18 0 4 0 18
64080 17 17 1 1 0 17
64140 11 18 0 2 0 18
64200 10 17 1 3 0 17
64260 15 18 0 0 0 18
64320 11 17 1 1 0 17
64380 17 18 0 1 1 17
64440 17 17 1 0 2 15
64500 10 18 0 1 0 18
64560 14 17 1 0 1 16
64620 15 18 0 1 1 17
64680 15 17 1 0 0 17
64740 15 17 1 1 1 16
64800 15 18 0 0 0 18
64860 16 18 0 0 1 17
64920 16 17 1 1 0 17
64980 14 16 2 0 0 16
65040 15 18 0 0 1 17
65100 15 18 0 0 0 18
65160 17 17 1 1 0 17
65220 18 16 2 2 1 15
65280 18 18 0 1 0 18
65340 15 17 1 3 0 17
65400 15 17 1 0 0 17
65460 16 18 0 1 0 18
65520 16 18 0 0 1 17
65580 14 18 0 1 1 17
65640 13 18 0 1 1 17
65700 12 17 1 3 0 17
65760 14 17 1 0 0 17
65820 12 16 2 0 0 16
65880 13 18 0 0 0 18
65940 12 17 1 1 0 17
66000 14 15 3 1 0 15
66060 16 17 1 0 1 16
66120 13 18 0 2 1 17
66180 15 18 0 0 1 17
66240 16 18 0 0 0 18
66300 16 17 1 1 0 17
66360 14 17 1 2 0 17
66420 17 18 0 1 0 18
66480 11 18 0 1 0 18
66540 15 18 0 0 1 17
66600 12 17 1 2 0 17
66660 9 18 0 4 0 18
66720 15 18 0 1 1 17
66780 16 17 1 0 1 16
66840 13 17 1 1 0 17
66900 16 16 2 2 1 15
66960 12 18 0 3 1 17
67020 13 17 1 1 0 17
67080 13 17 1 1 1 16
67140 15 17 1 4 0 17
67200 17 18 0 1 1 17
67260 15 17 1 0 0 17
67320 12 16 2 0 0 16
67380 10 18 0 0 0 17
67440 16 18 0 1 4 14
67500 15 18 0 2 1 17
67560 15 18 0 1 1 17
67620 16 18 0 0 3 15
67680 12 18 0 0 0 18
67740 15 18 0 2 1 17
67800 16 18 0 0 2 16
67860 13 17 1 0 0 17
67920 15 17 1 0 1 16
67980 17 18 0 1 0 18
68040 15 18 0 2 0 18
68100 15 18 0 1 0 18
68160 11 18 0 3 0 18
68220 14 17 1 0 0 17
68280 13 16 2 0 0 16
68340 17 17 1 1 0 16
68400 14 18 0 0 0 18
68460 14 17 1 1 1 16
68520 16 17 1 0 1 16
68580 12 17 1 1 0 17
68640 10 18 0 0 0 18
68700 13 18 0 2 0 18
68760 17 17 1 1 1 16
68820 17 17 1 0 0 17
68880 13 18 0 0 1 17
68940 16 18 0 0 2 16
69000 13 17 1 2 1 16
69060 14 18 0 1 2 16
69120 15 18 0 0 0 18
69180 17 17 1 0 2 15
69240 14 16 2 1 0 15
69300 12 18 0 0 0 18
69360 17 18 0 2 1 17
69420 15 18 0 0 1 17
69480 16 17 1 0 0 17
69540 14 18 0 0 0 18
69600 16 17 1 0 0 17
69660 16 17 1 0 0 17
69720 12 18 0 0 0 18
69780 14 18 0 1 0 17
69840 15 18 0 1 1 17
69900 14 17 1 1 0 17
69960 15 17 1 0 0 17
70020 16 17 1 2 0 17
70080 12 17 1 0 0 17
70140 16 18 0 1 1 17
70200 17 15 3 0 0 15
70260 12 18 0 0 1 17
70320 14 17 1 1 0 16
70380 10 18 0 0 1 17
70440 13 16 2 0 0 16
70500 11 16 2 1 0 16
70560 15 17 1 0 0 17
70620 10 17 1 2 0 17
70680 15 18 0 1 0 18
70740 17 18 0 0 0 18
70800 13 18 0 0 0 18
70860 14 17 1 0 0 17
70920 13 17 1 2 0 17
70980 7 18 0 2 0 18
71040 11 17 1 3 0 17
71100 13 16 2 0 1 15
71160 14 16 2 0 0 16
71220 13 18 0 2 0 18
71280 10 16 2 2 0 16
71340 11 18 0 1 0 18
71400 15 18 0 1 0 18
71460 14 17 1 1 2 15
71520 17 17 1 1 1 16
71580 11 17 1 0 0 17
71640 17 17 1 0 1 16
71700 16 18 0 1 2 15
71760 14 17 1 2 0 17
71820 12 18 0 1 0 18
71880 13 18 0 2 0 18
71940 10 18 0 1 0 18
72000 13 17 1 1 1 16
72060 16 17 1 0 0 17
72120 15 17 1 2 0 17
72180 14 18 0 2 1 17
72240 13 17 1 0 0 17
72300 12 16 2 2 1 15
72360 11 17 1 4 0 17
72420 16 17 1 2 1 16
72480 12 18 0 0 0 18
72540 13 18 0 1 0 18
72600 11 18 0 2 0 18
72660 11 18 0 3 0 18
72720 10 17 1 2 0 17
72780 11 18 0 3 0 18
72840 15 15 3 0 0 15
72900 15 18 0 1 0 18
72960 13 18 0 1 0 18
73020 14 17 1 0 0 17
73080 16 16 2 0 1 15
73140 18 17 1 1 2 15
73200 14 18 0 1 1 17
73260 14 18 0 0 0 18
73320 13 18 0 0 1 17
73380 15 17 1 2 0 17
73440 17 16 2 0 2 14
73500 18 17 1 0 1 16
73560 16 17 1 1 1 16
73620 12 18 0 0 0 18
73680 13 18 0 1 2 16
73740 16 18 0 2 1 17
73800 15 17 1 1 0 17
73860 14 16 2 2 0 16
73920 14 17 1 0 0 17
73980 14 18 0 1 0 18
74040 14 17 1 2 1 16
74100 12 16 2 0 0 16
74160 14 18 0 3 0 18
74220 10 18 0 4 0 18
74280 12 17 1 2 0 17
74340 10 18 0 4 0 18
74400 16 17 1 3 1 16
74460 16 17 1 1 0 17
74520 14 17 1 1 1 16
74580 16 17 1 2 5 12
74640 16 16 2 0 1 15
74700 12 17 1 1 0 17
74760 15 15 3 0 0 15
74820 14 17 1 2 0 17
74880 15 17 1 0 1 16
74940 13 18 0 0 0 17
75000 13 18 0 1 0 18
75060 15 16 2 1 1 15
75120 12 17 1 0 0 17
75180 16 18 0 1 0 18
75240 18 16 2 0 4 12
75300 12 17 1 0 0 17
75360 13 17 1 2 0 17
75420 11 17 1 1 0 17
75480 14 18 0 1 0 18
75540 16 18 0 2 0 18
75600 16 16 2 0 0 16
75660 13 18 0 0 1 17
75720 13 18 0 1 0 18
75780 11 18 0 1 0 18
75840 8 16 2 1 0 16
75900 15 16 2 1 0 16
75960 12 16 2 1 0 16
76020 15 16 2 1 1 15
76080 13 18 0 2 0 18
76140 11 17 1 1 0 17
76200 14 17 1 2 1 16
76260 11 16 2 0 0 16
76320 16 18 0 1 1 17
76380 13 18 0 1 0 17
76440 15 17 1 0 2 15
76500 13 18 0 1 0 18
76560 16 17 1 1 1 16
76620 14 18 0 0 1 16
76680 14 18 0 2 0 17
76740 10 17 1 3 0 17
76800 14 18 0 0 1 17
76860 12 17 1 2 0 17
76920 13 18 0 1 0 18
76980 16 18 0 0 0 18
77040 16 16 2 0 1 15
77100 16 18 0 0 3 15
77160 11 18 0 1 0 18
77220 15 17 1 0 1 16
77280 15 18 0 1 2 16
77340 15 17 1 0 0 17
77400 14 17 1 1 0 17
77460 12 17 1 2 0 17
77520 15 18 0 1 1 17
77580 15 18 0 1 0 18
77640 11 17 1 0 0 17
77700 11 18 0 2 0 18
77760 16 18 0 0 0 18
77820 14 17 1 1 0 17
77880 16 17 1 2 0 17
77940 15 18 0 2 0 18
78000 12 17 1 1 0 17
78060 16 18 0 0 4 14
78120 12 18 0 2 1 17
78180 13 18 0 0 1 17
78240 12 18 0 1 0 18
78300 15 17 1 0 1 16
78360 15 18 0 1 1 17
78420 16 17 1 0 0 17
78480 17 17 1 0 2 15
78540 16 18 0 0 0 17
78600 16 16 2 1 0 16
78660 15 18 0 0 1 16
78720 14 18 0 2 1 17
78780 14 16 2 1 1 15
78840 16 18 0 1 0 18
78900 14 17 1 1 0 17
78960 15 18 0 1 1 17
79020 11 17 1 0 0 17
79080 17 18 0 0 2 16
79140 15 17 1 1 1 16
79200 11 17 1 0 0 17
79260 15 18 0 1 0 18
79320 12 16 2 2 1 15
79380 14 18 0 1 1 17
79440 13 17 1 0 0 17
79500 12 18 0 1 0 18
79560 11 18 0 0 2 16
79620 12 18 0 1 0 18
79680 15 18 0 2 1 17
79740 15 17 1 0 1 16
79800 13 18 0 0 0 18
79860 15 16 2 1 1 15
79920 18 18 0 1 1 17
79980 16 17 1 0 0 17
80040 11 16 2 2 0 15
80100 17 18 0 1 0 18
80160 15 16 2 0 0 15
80220 14 18 0 0 1 17
80280 12 18 0 0 0 17
80340 13 17 1 2 0 17
80400 15 18 0 1 1 17
80460 16 18 0 1 1 17
80520 15 17 1 1 0 17
80580 15 17 1 0 2 15
80640 16 17 1 0 0 17
80700 11 16 2 1 0 16
80760 15 18 0 1 1 17
80820 7 17 1 3 0 17
80880 15 17 1 0 1 16
80940 13 18 0 1 0 18
81000 17 18 0 2 0 18
81060 17 18 0 0 0 18
81120 16 18 0 2 0 18
81180 15 17 1 0 0 17
81240 16 16 2 1 0 16
81300 13 17 1 3 0 16
81360 15 17 1 0 1 15
81420 14 17 1 0 0 17
81480 17 18 0 0 1 17
81540 16 17 1 1 0 17
81600 15 18 0 0 0 18
81660 13 18 0 0 0 18
81720 11 17 1 0 0 17
81780 12 17 1 0 0 17
81840 16 18 0 0 2 16
81900 15 18 0 0 0 18
81960 12 17 1 0 0 17
82020 16 17 1 2 0 17
82080 17 18 0 1 0 18
82140 13 18 0 2 0 18
82200 14 18 0 1 0 18
82260 15 18 0 0 0 18
82320 15 18 0 3 0 18
82380 16 17 1 0 0 17
82440 15 18 0 1 1 17
82500 15 17 1 2 0 17
82560 17 18 0 1 0 18
82620 14 18 0 0 0 18
82680 13 18 0 1 0 17
82740 15 18 0 0 1 17
82800 13 17 1 1 0 17
82860 11 17 1 4 0 17
82920 16 18 0 2 1 17
82980 16 18 0 2 2 16
83040 15 18 0 1 1 17
83100 12 17 1 1 0 17
83160 12 17 1 0 1 16
83220 14 18 0 3 0 18
83280 13 17 1 1 0 17
83340 17 18 0 0 1 17
83400 15 18 0 1 2 16
83460 15 18 0 0 1 17
83520 12 17 1 3 0 17
83580 16 17 1 3 1 16
83640 16 18 0 0 0 17
83700 16 16 2 1 0 16
83760 16 18 0 0 1 17
83820 14 17 1 0 0 16
83880 11 18 0 3 0 18
83940 15 18 0 0 1 17
84000 17 17 1 0 1 16
84060 14 18 0 0 0 18
84120 15 18 0 0 1 17
84180 15 18 0 1 0 18
84240 12 18 0 1 1 17
84300 15 17 1 1 0 17
84360 15 17 1 2 0 16
84420 13 18 0 0 0 18
84480 12 17 1 1 0 17
84540 16 18 0 1 0 18
84600 12 17 1 1 0 17
84660 12 18 0 4 0 18
84720 16 18 0 0 0 18
84780 15 18 0 1 0 17
84840 15 16 2 0 1 15
84900 15 16 2 0 0 16
84960 13 17 1 1 1 16
85020 14 18 0 0 1 17
85080 17 18 0 2 0 17
85140 17 16 2 0 0 16
85200 13 17 1 3 1 16
85260 16 18 0 1 1 17
85320 13 18 0 0 0 18
85380 15 18 0 0 0 17
85440 11 18 0 1 0 18
85500 14 18 0 0 0 18
85560 16 17 1 1 1 16
85620 15 17 1 0 1 16
85680 12 15 3 1 0 15
85740 16 17 1 1 3 14
85800 12 17 1 0 0 17
85860 15 18 0 0 0 18
85920 17 18 0 0 3 15
85980 14 17 1 0 1 16
86040 16 18 0 2 1 17
86100 15 17 1 0 1 16
86160 16 17 1 1 0 17
86220 14 17 1 0 0 17
86280 9 15 3 5 0 15
86340 14 18 0 3 0 18
86400 14 18 0 1 0 18
