time CaMKII* CaMKII6 CaMKII7 PP1 x y
120 12 16 2 4 0 16
180 13 17 1 2 0 17
240 10 17 1 5 1 16
300 9 18 0 4 0 18
360 11 17 1 2 1 16
420 9 18 0 3 0 18
480 9 17 1 4 0 17
540 8 16 2 3 0 16
600 11 18 0 0 0 18
660 13 18 0 1 1 17
720 5 18 0 0 0 18
780 8 18 0 3 0 18
840 9 16 2 1 0 16
900 10 18 0 3 0 18
960 8 18 0 6 0 18
1020 11 18 0 3 0 18
1080 14 17 1 0 1 16
1140 9 17 1 4 0 17
1200 10 18 0 1 0 17
1260 9 17 1 1 0 17
1320 6 18 0 3 0 18
1380 6 18 0 3 0 18
1440 11 16 2 3 0 16
1500 15 18 0 0 2 16
1560 12 18 0 3 0 18
1620 13 17 1 3 1 16
1680 12 18 0 2 0 18
1740 11 17 1 0 0 17
1800 11 18 0 3 1 17
1860 11 18 0 4 0 18
1920 11 18 0 4 0 18
1980 8 17 1 4 0 17
2040 9 17 1 1 0 17
2100 6 18 0 4 0 18
2160 12 15 3 1 1 14
2220 14 17 1 0 0 17
2280 13 18 0 1 1 17
2340 14 17 1 0 2 15
2400 12 18 0 0 1 17
2460 10 18 0 1 0 18
2520 6 18 0 2 0 18
2580 6 17 1 1 0 17
2640 9 18 0 1 0 18
2700 13 17 1 2 0 17
2760 8 17 1 3 0 17
2820 9 18 0 0 0 18
2880 5 18 0 4 0 18
2940 5 18 0 3 0 18
3000 14 17 1 2 0 17
3060 9 17 1 2 1 16
3120 14 17 1 1 0 17
3180 11 18 0 1 0 18
3240 9 17 1 4 0 17
3300 12 15 3 1 2 13
3360 8 18 0 6 0 18
3420 10 18 0 3 0 18
3480 9 17 1 1 0 17
3540 11 18 0 3 0 18
3600 13 18 0 1 0 18
3660 11 17 1 2 1 16
3720 14 17 1 2 0 16
3780 9 18 0 1 1 17
3840 8 17 1 0 0 17
3900 7 18 0 4 0 18
3960 8 16 2 2 0 16
4020 10 18 0 3 1 17
4080 9 18 0 2 0 18
4140 6 17 1 4 0 17
4200 12 17 1 5 0 17
4260 8 17 1 3 0 17
4320 11 16 2 3 0 16
4380 10 17 1 5 0 17
4440 8 18 0 4 0 18
4500 11 17 1 3 0 17
4560 10 16 2 4 0 16
4620 11 18 0 1 0 18
4680 8 16 2 6 0 16
4740 10 18 0 2 0 18
4800 11 17 1 3 0 16
4860 12 18 0 2 0 18
4920 8 17 1 3 0 17
4980 13 17 1 3 0 17
5040 7 18 0 5 0 18
5100 7 16 2 3 0 16
5160 12 16 2 3 1 15
5220 13 18 0 0 2 16
5280 11 16 2 1 0 16
5340 11 17 1 5 0 17
5400 11 18 0 2 0 17
5460 10 17 1 3 0 17
5520 5 17 1 4 0 17
5580 8 18 0 2 0 18
5640 10 17 1 3 0 17
5700 8 18 0 2 0 18
5760 14 17 1 2 0 17
5820 11 17 1 5 1 16
5880 11 17 1 3 0 17
5940 13 18 0 2 0 18
6000 9 18 0 4 1 17
6060 11 16 2 3 0 16
6120 9 17 1 3 0 17
6180 8 18 0 3 0 18
6240 10 17 1 0 0 17
6300 13 18 0 3 0 18
6360 7 18 0 1 1 17
6420 7 17 1 2 0 17
6480 12 17 1 1 0 17
6540 11 18 0 1 0 17
6600 11 15 3 5 0 15
6660 10 17 1 4 0 16
6720 13 18 0 2 1 17
6780 13 17 1 0 0 17
6840 8 18 0 2 0 18
6900 9 17 1 2 0 17
6960 12 18 0 3 1 17
7020 10 18 0 2 0 18
7080 8 18 0 1 0 18
7140 7 17 1 6 0 16
7200 11 18 0 1 1 17
7260 10 16 2 3 1 15
7320 9 18 0 3 0 18
7380 12 18 0 1 1 17
7440 12 18 0 1 0 18
7500 11 16 2 3 1 15
7560 8 17 1 3 0 17
7620 7 18 0 2 0 18
7680 12 16 2 0 0 16
7740 12 17 1 0 0 17
7800 8 18 0 3 0 18
7860 10 16 2 1 0 16
7920 14 16 2 2 1 15
7980 12 17 1 3 1 16
8040 12 18 0 1 0 18
8100 11 17 1 1 0 17
8160 5 16 2 3 0 16
8220 7 18 0 3 0 18
8280 7 17 1 6 0 17
8340 7 18 0 5 0 18
8400 12 18 0 0 0 18
8460 11 17 1 2 0 17
8520 12 16 2 5 0 16
8580 13 18 0 1 0 18
8640 10 17 1 3 0 17
8700 12 18 0 0 0 18
8760 16 17 1 0 1 16
8820 9 18 0 3 0 18
8880 10 17 1 3 0 17
8940 11 18 0 2 0 18
9000 11 18 0 4 1 17
9060 8 16 2 5 0 16
9120 11 17 1 2 0 17
9180 13 18 0 4 0 17
9240 12 18 0 2 0 18
9300 9 17 1 1 0 17
9360 9 18 0 3 0 18
9420 6 18 0 7 0 18
9480 13 18 0 2 1 17
9540 12 16 2 2 2 14
9600 10 18 0 4 0 18
9660 8 18 0 4 0 18
9720 8 17 1 3 0 17
9780 10 17 1 3 0 17
9840 11 17 1 2 0 17
9900 8 18 0 1 2 16
9960 6 18 0 5 0 18
10020 12 18 0 2 0 18
10080 10 17 1 1 0 17
10140 8 18 0 3 1 17
10200 12 18 0 0 2 16
10260 8 17 1 4 0 17
10320 11 18 0 2 0 18
10380 13 17 1 4 1 16
10440 9 17 1 5 0 17
10500 9 16 2 1 1 15
10560 12 18 0 2 0 18
10620 15 17 1 0 0 17
10680 13 18 0 3 0 18
10740 10 16 2 1 0 16
10800 9 18 0 1 1 17
10860 5 18 0 1 1 17
10920 9 18 0 2 0 18
10980 11 18 0 1 0 18
11040 15 18 0 1 0 18
11100 15 17 1 2 2 15
11160 11 18 0 2 0 18
11220 8 17 1 4 0 17
11280 9 18 0 3 0 18
11340 14 18 0 0 0 18
11400 10 15 3 2 0 15
11460 11 18 0 3 0 18
11520 12 17 1 3 0 17
11580 10 18 0 1 0 17
11640 8 16 2 2 0 16
11700 11 18 0 4 0 18
11760 11 18 0 3 0 18
11820 9 17 1 4 0 17
11880 12 18 0 1 0 18
11940 12 18 0 2 2 16
12000 10 18 0 3 0 18
12060 9 18 0 5 0 18
12120 8 17 1 0 1 16
12180 6 18 0 1 0 18
12240 11 18 0 1 1 17
12300 13 17 1 0 0 17
12360 14 17 1 0 1 16
12420 14 18 0 0 1 17
12480 13 16 2 0 2 14
12540 11 18 0 2 1 17
12600 11 18 0 2 1 17
12660 14 16 2 0 0 16
12720 12 18 0 2 1 17
12780 9 17 1 2 0 17
12840 11 18 0 2 0 18
12900 14 17 1 2 2 15
12960 10 17 1 4 0 17
13020 16 17 1 0 0 17
13080 13 17 1 1 0 17
13140 11 18 0 1 1 17
13200 10 18 0 1 0 18
13260 12 18 0 6 0 18
13320 8 15 3 2 0 15
13380 9 18 0 3 0 18
13440 8 17 1 3 1 16
13500 6 17 1 7 0 17
13560 9 18 0 2 1 17
13620 7 17 1 5 0 17
13680 10 17 1 1 0 17
13740 12 17 1 1 0 17
13800 9 17 1 3 0 17
13860 8 17 1 5 0 17
13920 10 18 0 0 1 16
13980 12 18 0 1 0 18
14040 7 16 2 4 0 16
14100 8 17 1 8 0 17
14160 6 17 1 2 0 17
14220 9 16 2 3 1 14
14280 9 18 0 3 1 17
14340 12 17 1 2 0 17
14400 15 18 0 0 0 18
14460 11 18 0 0 1 17
14520 9 18 0 4 0 18
14580 10 16 2 3 0 16
14640 12 16 2 1 0 16
14700 13 17 1 3 0 17
14760 11 18 0 3 0 18
14820 10 18 0 4 0 18
14880 14 17 1 0 0 17
14940 14 18 0 2 1 17
15000 10 18 0 1 0 18
15060 13 18 0 0 1 16
15120 7 15 3 6 0 15
15180 10 16 2 6 0 16
15240 10 18 0 4 1 17
15300 10 17 1 1 0 17
15360 12 18 0 0 1 17
15420 10 17 1 3 1 16
15480 9 18 0 4 0 18
15540 15 17 1 1 3 14
15600 15 18 0 2 1 17
15660 8 17 1 4 1 16
15720 8 17 1 2 0 17
15780 11 17 1 2 1 16
15840 9 18 0 1 0 18
15900 12 17 1 2 1 16
15960 15 17 1 1 1 16
16020 13 16 2 1 0 16
16080 14 18 0 0 1 17
16140 13 17 1 0 0 17
16200 15 16 2 1 0 16
16260 17 17 1 1 2 15
16320 11 17 1 0 0 17
16380 7 18 0 3 0 18
16440 8 18 0 3 2 16
16500 13 17 1 0 0 17
16560 12 18 0 1 0 18
16620 8 18 0 4 0 18
16680 6 17 1 2 0 17
16740 10 18 0 1 0 18
16800 12 18 0 1 0 18
16860 8 18 0 4 0 18
16920 13 17 1 0 0 17
16980 12 18 0 0 0 18
17040 11 18 0 4 0 18
17100 11 16 2 2 2 14
17160 15 18 0 0 1 17
17220 11 17 1 1 0 17
17280 10 18 0 2 0 18
17340 8 17 1 3 0 17
17400 10 17 1 0 1 16
17460 10 18 0 4 0 18
17520 10 17 1 1 0 17
17580 8 17 1 2 0 17
17640 14 18 0 2 0 18
17700 7 17 1 2 0 17
17760 9 18 0 6 0 18
17820 9 17 1 1 2 15
17880 9 18 0 1 0 18
17940 13 18 0 1 2 16
18000 11 17 1 1 0 17
18060 15 17 1 0 0 17
18120 13 18 0 1 1 17
18180 11 18 0 2 1 17
18240 13 16 2 2 0 16
18300 13 17 1 2 1 16
18360 10 16 2 2 0 16
18420 12 18 0 1 0 18
18480 15 18 0 2 1 17
18540 11 18 0 1 0 18
18600 15 17 1 0 2 15
18660 13 17 1 3 0 17
18720 12 18 0 5 0 18
18780 9 14 4 3 0 14
18840 14 16 2 2 0 16
18900 16 18 0 1 1 17
18960 13 17 1 2 1 16
19020 11 16 2 1 0 16
19080 13 17 1 2 0 17
19140 11 18 0 1 0 18
19200 11 17 1 1 1 16
19260 14 16 2 0 0 16
19320 14 16 2 1 2 14
19380 7 16 2 0 0 16
19440 10 16 2 3 0 16
19500 9 16 2 4 0 16
19560 13 18 0 5 2 16
19620 17 18 0 0 0 18
19680 14 17 1 2 0 17
19740 13 17 1 1 1 16
19800 11 18 0 3 0 17
19860 11 17 1 2 1 16
19920 9 17 1 4 1 15
19980 11 17 1 5 0 17
20040 10 17 1 0 0 17
20100 11 17 1 3 1 16
20160 13 18 0 3 2 16
20220 10 17 1 1 1 16
20280 10 16 2 1 1 15
20340 15 17 1 1 0 17
20400 13 16 2 3 1 15
20460 10 18 0 2 0 18
20520 12 17 1 1 0 16
20580 6 18 0 2 0 18
20640 10 16 2 1 0 16
20700 9 16 2 4 0 16
20760 12 17 1 3 1 16
20820 9 17 1 1 0 17
20880 14 16 2 1 0 16
20940 10 16 2 3 0 16
21000 11 18 0 1 0 18
21060 12 18 0 1 0 18
21120 7 18 0 1 0 18
21180 6 16 2 5 0 16
21240 12 17 1 2 0 17
21300 7 18 0 6 0 18
21360 9 17 1 5 1 16
21420 9 18 0 3 1 17
21480 9 16 2 2 0 16
21540 15 17 1 1 1 16
21600 12 18 0 2 0 18
21660 10 18 0 4 1 17
21720 11 18 0 6 0 18
21780 9 18 0 2 0 18
21840 11 17 1 2 0 17
21900 12 17 1 2 2 15
21960 13 17 1 1 0 16
22020 10 17 1 2 0 17
22080 6 17 1 4 0 17
22140 12 17 1 0 0 17
22200 9 18 0 2 0 18
22260 13 17 1 2 0 17
22320 12 17 1 2 0 17
22380 11 17 1 3 0 17
22440 9 18 0 4 0 18
22500 12 18 0 1 1 17
22560 11 18 0 1 0 18
22620 15 18 0 2 0 18
22680 9 18 0 3 0 18
22740 8 17 1 2 0 17
22800 15 18 0 4 1 17
22860 9 17 1 2 0 17
22920 7 18 0 2 0 18
22980 8 17 1 3 0 17
23040 9 17 1 3 0 17
23100 13 17 1 2 0 17
23160 8 17 1 2 1 15
23220 8 18 0 6 0 18
23280 9 18 0 3 0 18
23340 7 17 1 6 0 17
23400 10 17 1 2 0 17
23460 7 17 1 1 0 17
23520 12 17 1 5 0 17
23580 7 18 0 3 0 18
23640 10 17 1 2 1 16
23700 5 18 0 4 0 18
23760 12 17 1 0 1 16
23820 11 18 0 0 0 18
23880 6 18 0 7 0 18
23940 4 17 1 9 0 17
24000 12 18 0 1 0 17
24060 9 17 1 2 0 17
24120 13 18 0 1 0 18
24180 11 18 0 3 0 18
24240 8 17 1 6 0 17
24300 8 18 0 3 1 17
24360 8 18 0 2 0 18
24420 9 18 0 4 0 18
24480 10 18 0 2 0 18
24540 10 17 1 3 1 16
24600 6 18 0 3 0 18
24660 10 18 0 0 0 18
24720 12 18 0 2 1 17
24780 13 18 0 2 0 18
24840 9 17 1 0 0 17
24900 9 17 1 5 1 16
24960 9 18 0 1 0 18
25020 7 18 0 4 0 18
25080 9 17 1 5 0 17
25140 9 17 1 3 0 17
25200 6 18 0 1 0 18
25260 12 17 1 2 0 17
25320 11 18 0 0 0 18
25380 11 18 0 1 1 17
25440 8 18 0 0 0 18
25500 12 18 0 3 0 18
25560 8 18 0 2 0 18
25620 14 18 0 2 1 17
25680 15 17 1 1 2 15
25740 9 16 2 0 0 16
25800 13 17 1 2 0 17
25860 14 18 0 3 0 18
25920 12 17 1 2 1 16
25980 12 18 0 4 1 16
26040 10 17 1 3 0 17
26100 8 18 0 2 0 18
26160 9 18 0 8 0 18
26220 7 18 0 4 0 18
26280 10 17 1 3 0 17
26340 6 18 0 5 0 18
26400 5 18 0 6 0 18
26460 10 17 1 3 0 17
26520 9 18 0 4 0 18
26580 8 13 5 4 0 13
26640 11 18 0 1 1 17
26700 8 18 0 2 1 17
26760 12 16 2 1 1 15
26820 10 18 0 2 0 17
26880 6 17 1 1 0 17
26940 14 18 0 1 0 18
27000 12 17 1 2 0 17
27060 9 18 0 2 0 18
27120 9 18 0 2 0 18
27180 7 18 0 2 0 18
27240 11 17 1 2 1 16
27300 8 17 1 1 0 17
27360 7 16 2 5 0 16
27420 11 18 0 3 0 18
27480 8 17 1 0 0 17
27540 9 16 2 3 0 16
27600 9 18 0 2 0 18
27660 5 18 0 2 0 18
27720 11 17 1 1 0 16
27780 12 17 1 1 0 17
27840 13 15 3 1 0 15
27900 16 16 2 2 0 16
27960 10 18 0 4 2 16
28020 15 18 0 1 0 18
28080 10 17 1 0 1 16
28140 9 17 1 3 0 17
28200 15 17 1 1 0 17
28260 12 18 0 0 0 18
28320 11 17 1 2 0 17
28380 10 16 2 2 0 16
28440 10 17 1 1 0 16
28500 12 18 0 2 0 18
28560 15 18 0 1 0 18
28620 12 18 0 2 0 18
28680 12 17 1 2 0 17
28740 8 18 0 4 0 18
28800 12 17 1 3 1 15
28860 11 17 1 5 1 16
28920 13 17 1 3 0 17
28980 10 17 1 1 0 17
29040 9 18 0 6 0 18
29100 9 17 1 1 0 17
29160 12 18 0 2 1 17
29220 13 18 0 0 1 17
29280 14 16 2 1 1 15
29340 10 16 2 2 1 15
29400 10 17 1 4 1 16
29460 15 18 0 0 0 18
29520 11 18 0 2 0 18
29580 15 16 2 1 1 15
29640 9 17 1 4 0 17
29700 5 18 0 4 0 18
29760 11 18 0 1 0 18
29820 10 17 1 1 0 17
29880 13 17 1 0 1 16
29940 15 18 0 0 1 17
30000 14 18 0 3 1 17
30060 10 18 0 1 0 18
30120 8 17 1 4 0 17
30180 9 18 0 4 0 18
30240 12 17 1 2 0 17
30300 9 17 1 2 0 17
30360 10 18 0 3 0 18
30420 12 18 0 2 0 18
30480 11 18 0 1 0 18
30540 14 18 0 1 1 17
30600 13 16 2 0 1 15
30660 11 18 0 4 0 18
30720 11 17 1 2 0 17
30780 12 18 0 2 0 18
30840 9 18 0 2 0 17
30900 7 15 3 2 0 15
30960 9 17 1 2 0 17
31020 10 17 1 3 0 17
31080 7 18 0 4 0 18
31140 9 17 1 2 0 17
31200 11 17 1 3 0 17
31260 15 18 0 1 1 17
31320 9 18 0 1 1 17
31380 13 18 0 0 0 18
31440 12 18 0 1 0 18
31500 11 18 0 0 1 17
31560 13 16 2 3 0 16
31620 9 17 1 2 0 17
31680 10 18 0 5 0 18
31740 9 16 2 1 0 16
31800 10 18 0 2 0 18
31860 12 17 1 3 0 17
31920 14 16 2 2 1 14
31980 10 15 3 1 0 15
32040 12 18 0 2 0 18
32100 8 18 0 7 0 18
32160 11 17 1 0 0 17
32220 12 17 1 3 1 16
32280 11 17 1 1 1 16
32340 12 17 1 1 2 15
32400 14 17 1 1 0 17
32460 8 18 0 2 0 18
32520 8 16 2 1 0 16
32580 13 18 0 1 0 18
32640 10 16 2 0 2 14
32700 9 18 0 3 0 18
32760 6 17 1 1 0 17
32820 9 16 2 1 0 16
32880 5 18 0 5 0 18
32940 12 16 2 1 0 16
33000 5 18 0 3 0 18
33060 3 16 2 5 0 16
33120 12 18 0 5 0 18
33180 8 18 0 3 0 18
33240 10 16 2 3 0 16
33300 14 17 1 1 1 16
33360 14 18 0 1 0 18
33420 14 18 0 2 1 16
33480 11 18 0 0 1 17
33540 12 18 0 2 1 17
33600 8 16 2 1 0 16
33660 12 16 2 2 1 15
33720 11 17 1 2 0 17
33780 6 17 1 2 0 17
33840 8 18 0 2 0 18
33900 11 17 1 4 0 17
33960 9 18 0 3 0 18
34020 11 18 0 3 0 17
34080 12 18 0 2 0 18
34140 9 17 1 2 0 17
34200 13 17 1 1 0 17
34260 12 17 1 3 0 17
34320 11 18 0 0 0 18
34380 11 18 0 0 0 18
34440 11 17 1 2 0 17
34500 9 16 2 0 0 16
34560 10 18 0 7 0 18
34620 14 17 1 0 1 16
34680 13 18 0 2 0 18
34740 14 18 0 0 1 17
34800 15 18 0 0 1 17
34860 14 14 4 0 0 14
34920 8 18 0 4 0 18
34980 8 18 0 5 0 18
35040 12 18 0 2 0 18
35100 9 18 0 2 0 18
35160 8 16 2 8 0 16
35220 7 16 2 2 0 16
35280 11 17 1 1 0 17
35340 16 18 0 1 1 17
35400 16 18 0 0 2 16
35460 14 18 0 2 0 18
35520 12 18 0 1 0 18
35580 12 17 1 1 0 17
35640 9 18 0 2 0 18
35700 8 17 1 4 0 17
35760 10 17 1 2 0 17
35820 6 18 0 2 0 18
35880 8 17 1 6 0 17
35940 9 18 0 1 0 18
36000 10 16 2 1 0 16
36060 13 18 0 4 0 18
36120 13 17 1 3 0 17
36180 13 17 1 1 0 17
36240 12 17 1 3 0 17
36300 9 16 2 5 0 16
36360 8 18 0 4 1 17
36420 9 15 3 2 0 15
36480 12 18 0 3 0 18
36540 11 17 1 1 0 16
36600 14 17 1 0 0 17
36660 12 18 0 1 0 18
36720 13 18 0 0 0 18
36780 14 18 0 0 1 17
36840 10 17 1 0 0 17
36900 11 18 0 0 0 18
36960 12 18 0 1 0 18
37020 11 17 1 0 0 17
37080 11 15 3 3 0 15
37140 7 16 2 5 0 16
37200 12 18 0 1 1 17
37260 13 17 1 2 0 17
37320 17 17 1 1 1 16
37380 14 17 1 1 1 16
37440 12 17 1 3 3 14
37500 7 17 1 2 1 16
37560 12 16 2 1 0 16
37620 8 17 1 3 0 17
37680 12 18 0 2 0 18
37740 10 17 1 3 0 17
37800 7 17 1 3 0 17
37860 11 17 1 2 0 17
37920 14 18 0 2 1 17
37980 11 17 1 4 0 17
38040 10 18 0 1 0 18
38100 14 16 2 1 1 14
38160 11 17 1 1 0 17
38220 8 17 1 1 1 16
38280 13 16 2 1 0 16
38340 10 18 0 1 0 18
38400 10 18 0 1 1 17
38460 13 17 1 0 1 16
38520 12 16 2 2 0 16
38580 13 17 1 0 0 17
38640 12 18 0 1 1 17
38700 10 17 1 2 0 17
38760 11 16 2 1 0 16
38820 9 17 1 1 0 17
38880 13 18 0 3 0 17
38940 9 16 2 0 0 16
39000 10 14 4 3 0 14
39060 10 18 0 1 1 17
39120 13 18 0 2 0 18
39180 8 17 1 2 0 17
39240 9 17 1 2 0 17
39300 15 18 0 1 0 18
39360 10 18 0 4 1 17
39420 12 17 1 1 0 17
39480 13 16 2 2 2 14
39540 12 18 0 1 0 18
39600 11 18 0 1 0 18
39660 11 17 1 1 1 16
39720 13 17 1 4 0 17
39780 9 16 2 4 0 16
39840 9 18 0 1 0 18
39900 9 18 0 1 0 18
39960 11 18 0 2 0 18
40020 9 16 2 0 0 16
40080 8 17 1 2 0 17
40140 8 18 0 2 0 18
40200 8 17 1 3 1 16
40260 9 17 1 1 0 17
40320 7 16 2 4 0 16
40380 7 16 2 2 0 16
40440 9 17 1 2 0 17
40500 9 18 0 2 1 17
40560 11 18 0 0 1 17
40620 8 18 0 3 0 18
40680 9 18 0 1 1 17
40740 9 18 0 2 1 17
40800 15 17 1 1 0 17
40860 14 16 2 0 0 16
40920 17 18 0 1 1 17
40980 17 17 1 0 1 15
41040 11 17 1 3 1 16
41100 6 18 0 2 0 18
41160 12 17 1 3 0 17
41220 10 18 0 3 0 18
41280 11 18 0 1 0 18
41340 14 18 0 1 0 18
41400 11 17 1 1 1 16
41460 9 18 0 3 0 18
41520 9 17 1 3 0 17
41580 16 17 1 1 2 15
41640 11 18 0 1 0 18
41700 10 16 2 3 1 15
41760 11 17 1 2 0 17
41820 11 18 0 1 0 17
41880 11 18 0 1 1 17
41940 14 18 0 3 0 18
42000 11 18 0 1 0 18
42060 8 17 1 5 0 17
42120 7 18 0 2 0 18
42180 12 17 1 5 0 17
42240 12 17 1 0 0 17
42300 12 17 1 2 0 17
42360 13 17 1 2 0 17
42420 15 18 0 3 0 18
42480 13 17 1 0 0 17
42540 13 17 1 3 0 17
42600 13 18 0 2 0 18
42660 6 18 0 6 0 18
42720 4 18 0 7 0 18
42780 3 18 0 8 0 18
42840 11 17 1 2 0 17
42900 10 16 2 1 0 16
42960 13 16 2 1 0 16
43020 14 16 2 1 2 14
43080 9 18 0 2 0 18
43140 8 18 0 4 0 18
43200 14 17 1 2 0 17
43260 15 18 0 1 1 17
43320 14 15 3 0 0 15
43380 12 18 0 1 0 18
43440 9 17 1 4 0 17
43500 13 16 2 4 0 16
43560 11 18 0 1 1 17
43620 9 18 0 3 0 17
43680 8 17 1 3 0 17
43740 7 18 0 3 0 18
43800 5 18 0 8 0 18
43860 13 17 1 1 0 17
43920 13 18 0 1 1 17
43980 9 17 1 4 0 17
44040 4 17 1 6 0 17
44100 13 17 1 2 0 17
44160 8 17 1 3 0 17
44220 9 17 1 4 0 17
44280 8 17 1 6 0 17
44340 9 17 1 3 0 17
44400 7 18 0 3 0 18
44460 4 17 1 5 0 17
44520 10 16 2 1 0 16
44580 10 18 0 4 1 17
44640 13 18 0 1 1 17
44700 5 17 1 3 0 17
44760 11 18 0 2 0 18
44820 14 17 1 3 0 17
44880 12 18 0 2 0 18
44940 12 17 1 0 0 17
45000 11 14 4 1 0 14
45060 10 17 1 2 0 17
45120 11 18 0 3 1 17
45180 9 17 1 3 0 17
45240 8 18 0 2 0 17
45300 10 18 0 0 0 18
45360 13 18 0 2 0 18
45420 16 16 2 1 1 15
45480 15 18 0 1 4 14
45540 15 17 1 0 1 15
45600 11 18 0 1 1 17
45660 12 18 0 1 0 18
45720 6 18 0 1 1 17
45780 9 18 0 1 0 18
45840 11 18 0 3 0 18
45900 7 18 0 5 0 18
45960 5 18 0 3 0 18
46020 5 18 0 5 0 18
46080 11 18 0 1 0 18
46140 12 18 0 1 0 18
46200 8 17 1 2 1 16
46260 9 17 1 2 0 17
46320 10 18 0 3 0 18
46380 13 18 0 1 0 18
46440 13 18 0 0 0 18
46500 6 17 1 4 0 17
46560 16 16 2 1 0 16
46620 12 16 2 3 0 16
46680 8 18 0 0 0 18
46740 8 18 0 1 0 18
46800 12 18 0 4 0 18
46860 11 18 0 5 1 17
46920 9 18 0 0 0 18
46980 9 18 0 0 1 17
47040 13 17 1 2 0 17
47100 12 18 0 0 0 18
47160 10 16 2 0 1 15
47220 8 18 0 2 0 18
47280 10 17 1 1 0 17
47340 9 17 1 1 0 17
47400 15 18 0 2 1 16
47460 11 18 0 2 0 18
47520 15 17 1 3 0 17
47580 11 17 1 3 1 16
47640 8 17 1 4 0 17
47700 13 17 1 3 0 17
47760 12 17 1 1 0 17
47820 9 18 0 2 1 17
47880 11 17 1 3 0 16
47940 13 17 1 1 0 17
48000 13 16 2 2 0 16
48060 10 16 2 2 0 16
48120 11 17 1 2 2 15
48180 14 18 0 2 1 17
48240 11 17 1 3 0 17
48300 8 17 1 0 0 17
48360 11 17 1 2 0 17
48420 10 18 0 2 0 18
48480 14 18 0 3 0 18
48540 15 18 0 0 2 16
48600 11 18 0 1 0 18
48660 11 15 3 1 0 15
48720 13 18 0 1 0 18
48780 11 16 2 0 0 16
48840 10 18 0 2 1 17
48900 14 18 0 1 1 17
48960 14 16 2 0 1 15
49020 11 18 0 6 0 18
49080 13 18 0 2 0 18
49140 12 15 3 2 1 14
49200 10 18 0 4 0 18
49260 13 16 2 1 2 13
49320 10 16 2 4 0 16
49380 10 17 1 1 1 16
49440 13 18 0 1 0 18
49500 8 17 1 3 1 16
49560 10 18 0 2 0 18
49620 11 18 0 1 0 18
49680 9 16 2 3 0 16
49740 10 17 1 2 0 17
49800 12 17 1 1 0 17
49860 15 17 1 0 1 16
49920 13 18 0 1 0 18
49980 12 18 0 4 1 17
50040 11 18 0 0 0 18
50100 7 17 1 2 0 17
50160 6 18 0 4 0 18
50220 13 18 0 2 3 15
50280 9 17 1 7 0 17
50340 10 18 0 4 0 18
50400 9 18 0 3 2 16
50460 9 18 0 2 0 18
50520 11 16 2 0 0 16
50580 6 15 3 6 0 15
50640 7 18 0 7 0 18
50700 10 18 0 5 0 18
50760 10 18 0 1 0 18
50820 11 18 0 1 0 18
50880 12 18 0 1 1 17
50940 7 18 0 1 0 18
51000 11 18 0 0 0 18
51060 14 16 2 0 2 14
51120 11 18 0 2 0 18
51180 11 17 1 1 0 17
51240 10 18 0 0 0 18
51300 10 17 1 2 0 17
51360 11 17 1 1 1 16
51420 9 17 1 2 0 17
51480 6 18 0 3 0 18
51540 12 18 0 1 1 17
51600 10 16 2 3 0 16
51660 12 17 1 0 0 17
51720 14 17 1 0 2 15
51780 11 18 0 3 0 18
51840 14 17 1 0 0 17
51900 11 16 2 2 0 16
51960 11 16 2 1 0 16
52020 12 18 0 1 0 18
52080 10 18 0 0 1 17
52140 12 17 1 2 1 16
52200 13 17 1 0 1 16
52260 11 16 2 4 1 15
52320 11 17 1 4 0 17
52380 9 17 1 2 0 17
52440 13 17 1 2 2 15
52500 13 18 0 2 0 18
52560 13 17 1 1 0 17
52620 15 17 1 1 0 17
52680 13 18 0 3 1 17
52740 12 18 0 2 0 18
52800 16 17 1 0 3 14
52860 13 17 1 2 0 17
52920 5 16 2 5 0 16
52980 2 18 0 3 0 18
53040 11 17 1 1 0 17
53100 8 18 0 6 0 18
53160 11 18 0 5 0 18
53220 12 17 1 0 0 17
53280 15 18 0 2 0 18
53340 13 18 0 0 0 18
53400 14 17 1 2 2 15
53460 12 17 1 0 2 15
53520 11 18 0 3 0 18
53580 7 17 1 2 0 17
53640 11 18 0 1 2 16
53700 13 14 4 1 0 14
53760 14 18 0 1 2 16
53820 17 16 2 0 2 14
53880 16 18 0 0 2 16
53940 12 18 0 1 0 18
54000 14 18 0 0 0 18
54060 11 16 2 5 0 16
54120 9 17 1 1 0 17
54180 11 18 0 2 0 18
54240 13 17 1 2 0 17
54300 9 18 0 5 0 18
54360 10 17 1 4 0 17
54420 9 17 1 6 0 17
54480 11 18 0 0 0 18
54540 13 17 1 3 1 16
54600 8 18 0 2 0 18
54660 15 17 1 2 1 16
54720 12 17 1 2 0 17
54780 14 16 2 2 1 15
54840 12 17 1 1 0 17
54900 14 18 0 1 2 16
54960 10 17 1 2 0 17
55020 8 17 1 0 0 17
55080 12 17 1 1 0 17
55140 15 17 1 2 0 17
55200 6 16 2 6 0 16
55260 12 17 1 1 0 17
55320 11 18 0 4 0 18
55380 13 17 1 2 0 17
55440 8 18 0 4 1 17
55500 9 18 0 2 0 18
55560 11 16 2 5 0 16
55620 12 18 0 6 0 18
55680 12 17 1 2 0 17
55740 13 17 1 2 0 17
55800 8 18 0 6 0 18
55860 8 18 0 0 1 17
55920 8 17 1 3 0 17
55980 7 18 0 4 0 18
56040 12 17 1 3 0 17
56100 7 18 0 4 0 18
56160 9 18 0 1 0 18
56220 14 18 0 0 0 18
56280 14 16 2 0 0 16
56340 10 18 0 1 0 18
56400 13 18 0 1 1 17
56460 8 18 0 2 0 18
56520 8 18 0 2 0 18
56580 6 18 0 7 0 18
56640 11 17 1 2 0 17
56700 14 15 3 2 1 14
56760 13 18 0 1 1 17
56820 8 18 0 2 0 18
56880 7 18 0 4 0 18
56940 6 18 0 1 1 17
57000 10 17 1 4 0 17
57060 13 17 1 3 1 16
57120 8 18 0 5 0 18
57180 8 18 0 0 0 18
57240 11 16 2 6 0 16
57300 14 18 0 3 0 18
57360 4 18 0 6 0 18
57420 10 15 3 2 0 15
57480 8 18 0 3 0 18
57540 10 18 0 1 0 18
57600 10 17 1 3 0 17
57660 12 18 0 2 0 18
57720 9 17 1 3 0 17
57780 6 17 1 4 0 17
57840 4 18 0 7 0 18
57900 11 17 1 2 1 16
57960 10 18 0 2 0 18
58020 11 16 2 2 1 15
58080 13 18 0 0 0 18
58140 12 15 3 3 2 13
58200 7 18 0 3 0 18
58260 6 18 0 4 0 18
58320 11 18 0 1 0 18
58380 9 17 1 1 0 17
58440 6 18 0 4 0 18
58500 7 17 1 5 0 17
58560 7 18 0 2 0 18
58620 12 18 0 1 0 18
58680 11 18 0 5 0 18
58740 5 18 0 7 0 18
58800 14 18 0 2 1 17
58860 11 18 0 3 0 18
58920 7 18 0 4 0 18
58980 10 17 1 0 1 16
59040 13 17 1 4 0 17
59100 10 17 1 2 1 16
59160 8 17 1 4 1 16
59220 11 18 0 1 0 18
59280 12 17 1 3 0 17
59340 12 16 2 1 0 16
59400 11 18 0 2 1 17
59460 14 18 0 2 0 18
59520 9 15 3 1 0 15
59580 12 17 1 5 0 17
59640 11 18 0 2 0 18
59700 13 18 0 1 1 17
59760 10 16 2 3 0 15
59820 13 17 1 2 0 17
59880 10 17 1 0 0 17
59940 12 18 0 0 5 12
60000 10 18 0 3 0 18
60060 11 15 3 2 0 15
60120 7 18 0 2 0 18
60180 6 18 0 2 0 18
60240 10 18 0 2 0 18
60300 12 16 2 2 0 16
60360 11 17 1 1 0 17
60420 9 17 1 3 1 16
60480 10 16 2 4 0 16
60540 10 18 0 1 0 18
60600 12 17 1 0 0 17
60660 13 17 1 2 0 17
60720 9 17 1 4 0 17
60780 11 18 0 0 0 18
60840 11 18 0 1 1 17
60900 15 17 1 0 0 17
60960 12 17 1 3 0 17
61020 9 18 0 4 0 18
61080 12 18 0 1 0 18
61140 8 18 0 5 0 18
61200 5 18 0 4 0 18
61260 4 18 0 9 0 18
61320 5 18 0 3 0 18
61380 11 18 0 4 1 17
61440 9 16 2 4 0 16
61500 10 18 0 2 0 18
61560 15 17 1 0 0 17
61620 10 18 0 6 0 18
61680 6 18 0 3 0 18
61740 11 16 2 3 0 16
61800 11 17 1 3 0 17
61860 14 18 0 1 0 18
61920 10 18 0 4 0 18
61980 8 17 1 1 1 16
62040 13 17 1 1 1 16
62100 7 18 0 5 0 18
62160 10 17 1 2 1 16
62220 6 16 2 5 0 16
62280 5 17 1 4 0 17
62340 4 18 0 2 0 18
62400 9 18 0 3 0 18
62460 10 17 1 3 1 16
62520 10 16 2 3 0 16
62580 12 18 0 3 1 16
62640 4 18 0 5 0 18
62700 12 17 1 1 0 17
62760 14 18 0 2 0 18
62820 12 18 0 1 0 18
62880 12 18 0 1 0 18
62940 11 18 0 0 0 18
63000 12 18 0 2 0 18
63060 9 17 1 3 1 16
63120 11 18 0 2 1 17
63180 9 17 1 3 1 16
63240 7 17 1 1 0 17
63300 7 18 0 4 0 18
63360 13 18 0 0 0 18
63420 10 17 1 2 1 16
63480 13 18 0 4 0 18
63540 8 18 0 4 0 18
63600 9 17 1 2 0 17
63660 13 17 1 3 0 17
63720 11 18 0 2 0 18
63780 11 17 1 0 0 17
63840 17 17 1 0 0 17
63900 15 18 0 0 0 18
63960 14 17 1 1 1 16
64020 13 18 0 1 0 17
64080 9 17 1 2 0 17
64140 9 17 1 0 0 17
64200 7 17 1 2 0 17
64260 10 17 1 4 1 16
64320 12 18 0 4 0 18
64380 11 17 1 4 0 17
64440 8 18 0 4 0 18
64500 8 17 1 2 0 17
64560 9 17 1 1 0 17
64620 10 16 2 5 0 16
64680 5 17 1 5 0 16
64740 11 18 0 0 1 17
64800 12 18 0 1 0 18
64860 15 17 1 1 0 17
64920 13 17 1 1 1 16
64980 8 17 1 1 1 16
65040 11 17 1 2 0 17
65100 12 16 2 2 0 16
65160 11 18 0 5 0 18
65220 13 17 1 2 1 16
65280 14 17 1 3 0 17
65340 15 18 0 2 1 17
65400 12 18 0 0 0 18
65460 14 17 1 2 0 17
65520 6 17 1 5 0 17
65580 8 17 1 0 1 16
65640 9 15 3 4 0 15
65700 11 15 3 4 0 15
65760 13 17 1 3 0 17
65820 10 18 0 1 0 18
65880 13 17 1 4 0 17
65940 8 18 0 3 0 18
66000 14 18 0 0 0 18
66060 13 18 0 1 0 18
66120 14 18 0 0 1 17
66180 13 18 0 1 0 18
66240 12 18 0 2 0 18
66300 10 18 0 2 1 17
66360 12 18 0 2 0 18
66420 10 18 0 2 1 17
66480 8 16 2 0 0 16
66540 10 18 0 0 0 18
66600 12 17 1 3 0 17
66660 10 18 0 1 0 17
66720 10 18 0 3 0 17
66780 11 18 0 2 0 18
66840 12 16 2 3 0 16
66900 12 18 0 4 0 18
66960 14 18 0 0 0 18
67020 7 18 0 4 0 18
67080 9 16 2 4 0 16
67140 9 18 0 0 0 18
67200 9 17 1 1 0 17
67260 10 18 0 3 1 17
67320 10 18 0 4 0 18
67380 11 18 0 2 2 16
67440 11 18 0 4 1 17
67500 11 17 1 2 0 17
67560 15 18 0 0 1 17
67620 13 18 0 2 0 18
67680 12 17 1 1 0 17
67740 11 18 0 4 0 18
67800 10 18 0 2 0 17
67860 7 18 0 2 0 18
67920 8 17 1 3 0 17
67980 10 18 0 2 2 16
68040 11 18 0 1 0 18
68100 8 18 0 1 1 17
68160 13 16 2 2 0 16
68220 14 16 2 3 1 15
68280 11 18 0 3 0 18
68340 7 18 0 2 0 18
68400 9 18 0 3 0 18
68460 12 18 0 3 2 16
68520 9 18 0 4 0 18
68580 7 17 1 5 0 17
68640 8 18 0 5 0 18
68700 11 16 2 6 0 16
68760 4 18 0 4 0 18
68820 12 17 1 1 0 17
68880 7 17 1 4 0 17
68940 9 17 1 4 0 17
69000 9 17 1 4 0 17
69060 9 18 0 3 1 17
69120 14 18 0 1 0 18
69180 10 18 0 0 1 17
69240 9 18 0 7 0 18
69300 9 18 0 1 1 17
69360 8 17 1 2 0 17
69420 10 18 0 2 2 16
69480 11 18 0 1 0 18
69540 7 18 0 1 0 18
69600 11 18 0 1 1 17
69660 15 17 1 2 1 16
69720 12 17 1 1 1 16
69780 9 17 1 6 0 17
69840 8 18 0 3 0 18
69900 10 18 0 0 1 17
69960 10 17 1 0 1 16
70020 10 17 1 3 0 17
70080 7 18 0 3 0 17
70140 9 17 1 1 0 17
70200 12 17 1 1 0 17
70260 12 18 0 0 0 18
70320 14 18 0 3 0 17
70380 10 16 2 4 0 16
70440 13 17 1 4 1 16
70500 9 18 0 1 2 16
70560 6 17 1 2 0 17
70620 9 18 0 4 0 18
70680 11 18 0 4 0 18
70740 6 17 1 3 0 17
70800 9 18 0 3 1 17
70860 10 18 0 3 0 18
70920 7 18 0 4 0 18
70980 5 18 0 5 0 18
71040 8 15 3 1 0 15
71100 7 16 2 2 1 15
71160 7 17 1 5 0 17
71220 7 16 2 3 0 16
71280 14 17 1 0 0 17
71340 12 18 0 1 0 18
71400 8 17 1 3 1 16
71460 13 17 1 1 0 17
71520 9 17 1 2 0 17
71580 11 18 0 2 0 18
71640 10 18 0 5 0 18
71700 11 17 1 5 0 17
71760 8 16 2 1 0 16
71820 11 16 2 0 0 16
71880 12 17 1 1 0 17
71940 14 17 1 1 0 17
72000 11 18 0 1 0 18
72060 14 16 2 2 1 15
72120 13 16 2 2 0 16
72180 10 17 1 2 0 17
72240 12 17 1 1 0 17
72300 12 18 0 2 0 18
72360 14 18 0 2 0 18
72420 9 18 0 0 0 18
72480 13 17 1 2 1 16
72540 11 18 0 1 1 17
72600 9 18 0 2 0 18
72660 11 18 0 3 0 18
72720 5 16 2 1 0 16
72780 7 18 0 6 0 18
72840 7 16 2 4 0 16
72900 10 18 0 2 1 17
72960 11 18 0 4 0 18
73020 8 16 2 0 0 15
73080 13 18 0 1 1 17
73140 12 17 1 1 1 16
73200 10 15 3 2 0 15
73260 10 16 2 1 0 16
73320 12 17 1 1 0 17
73380 11 18 0 2 0 18
73440 8 17 1 4 1 16
73500 11 16 2 2 0 16
73560 12 18 0 3 1 17
73620 9 18 0 3 0 18
73680 11 16 2 2 0 16
73740 10 18 0 0 0 18
73800 11 17 1 0 0 17
73860 14 17 1 1 0 17
73920 11 18 0 1 1 17
73980 10 17 1 4 0 17
74040 10 17 1 1 0 17
74100 15 18 0 0 0 18
74160 12 16 2 1 0 16
74220 7 18 0 8 0 18
74280 7 18 0 2 1 17
74340 8 18 0 4 0 18
74400 11 17 1 1 0 17
74460 10 17 1 1 0 17
74520 12 17 1 3 0 17
74580 8 18 0 4 0 18
74640 10 18 0 2 0 18
74700 10 18 0 7 0 18
74760 14 18 0 0 1 17
74820 11 18 0 0 0 18
74880 11 17 1 1 0 17
74940 12 18 0 3 1 17
75000 11 16 2 2 0 16
75060 11 15 3 4 0 15
75120 9 18 0 6 0 17
75180 6 18 0 0 0 18
75240 5 18 0 2 0 18
75300 3 15 3 4 0 15
75360 14 18 0 0 0 18
75420 12 16 2 4 0 16
75480 16 18 0 1 0 18
75540 14 16 2 1 0 16
75600 13 17 1 2 0 17
75660 9 17 1 1 0 17
75720 5 18 0 0 0 18
75780 8 17 1 2 0 17
75840 10 18 0 4 0 17
75900 6 17 1 3 0 17
75960 11 18 0 2 0 18
76020 9 18 0 4 1 17
76080 9 18 0 4 0 17
76140 7 18 0 4 0 18
76200 9 17 1 7 0 17
76260 5 18 0 4 1 17
76320 10 18 0 3 0 18
76380 12 18 0 2 0 18
76440 7 17 1 6 0 17
76500 8 17 1 3 1 16
76560 8 17 1 2 0 17
76620 9 17 1 1 0 17
76680 11 18 0 3 0 18
76740 11 18 0 4 0 18
76800 12 15 3 2 0 15
76860 9 18 0 4 0 18
76920 6 17 1 2 0 17
76980 7 17 1 4 0 17
77040 12 18 0 4 0 18
77100 12 18 0 3 0 18
77160 11 18 0 2 0 18
77220 13 17 1 1 0 17
77280 10 17 1 1 0 17
77340 12 17 1 9 0 17
77400 6 18 0 3 0 18
77460 12 18 0 1 0 18
77520 10 17 1 3 0 17
77580 10 17 1 6 0 17
77640 11 17 1 3 1 16
77700 9 17 1 3 0 17
77760 7 17 1 2 1 16
77820 12 18 0 2 0 18
77880 11 16 2 1 1 15
77940 13 18 0 1 0 18
78000 15 18 0 0 1 17
78060 12 18 0 0 1 17
78120 12 16 2 3 0 16
78180 8 18 0 5 1 17
78240 10 18 0 7 0 18
78300 7 17 1 3 1 16
78360 10 18 0 2 0 18
78420 9 18 0 2 0 18
78480 6 17 1 2 0 17
78540 6 18 0 4 0 18
78600 9 18 0 1 0 18
78660 7 18 0 7 0 18
78720 8 17 1 4 0 17
78780 9 16 2 1 0 16
78840 8 18 0 2 1 17
78900 6 18 0 6 0 18
78960 11 17 1 3 0 17
79020 5 17 1 7 0 17
79080 8 18 0 5 0 18
79140 7 18 0 2 0 18
79200 10 16 2 0 1 15
79260 10 18 0 2 0 18
79320 10 17 1 3 0 17
79380 13 17 1 3 0 17
79440 9 17 1 1 0 17
79500 11 17 1 3 0 17
79560 14 18 0 0 3 15
79620 12 17 1 2 0 16
79680 15 16 2 0 2 14
79740 11 18 0 2 0 18
79800 8 17 1 2 0 17
79860 13 18 0 2 0 18
79920 12 18 0 1 1 17
79980 12 17 1 0 0 17
80040 10 16 2 1 0 16
80100 10 18 0 2 0 18
80160 10 17 1 1 1 16
80220 10 16 2 7 0 16
80280 11 18 0 3 0 18
80340 13 18 0 1 0 18
80400 11 17 1 3 2 15
80460 8 18 0 4 0 18
80520 9 18 0 5 0 18
80580 6 18 0 8 0 18
80640 10 18 0 1 1 17
80700 7 18 0 3 0 18
80760 9 18 0 2 0 18
80820 7 16 2 5 0 16
80880 9 18 0 2 0 18
80940 12 18 0 2 1 17
81000 12 16 2 0 0 16
81060 10 17 1 1 0 17
81120 11 15 3 3 0 15
81180 12 16 2 1 1 15
81240 9 18 0 2 0 18
81300 5 17 1 2 0 17
81360 7 16 2 4 0 16
81420 12 18 0 0 1 17
81480 10 18 0 1 0 18
81540 8 18 0 0 0 18
81600 8 17 1 3 0 17
81660 12 18 0 2 1 17
81720 14 17 1 0 1 16
81780 13 17 1 1 1 16
81840 16 16 2 2 0 16
81900 12 17 1 3 2 15
81960 7 18 0 4 0 18
82020 6 18 0 4 0 18
82080 9 16 2 2 0 16
82140 11 17 1 1 0 17
82200 10 17 1 1 0 17
82260 14 17 1 0 1 16
82320 9 18 0 4 0 18
82380 10 18 0 5 1 17
82440 10 17 1 2 0 17
82500 11 17 1 1 0 17
82560 9 18 0 1 0 18
82620 7 18 0 3 0 18
82680 8 17 1 2 0 17
82740 12 17 1 2 0 17
82800 14 17 1 1 1 16
82860 12 17 1 4 0 17
82920 10 17 1 4 0 17
82980 12 17 1 0 1 16
83040 10 17 1 4 0 17
83100 9 17 1 1 0 17
83160 5 17 1 3 0 17
83220 14 18 0 1 0 17
83280 10 18 0 4 1 17
83340 11 18 0 1 0 18
83400 8 17 1 2 0 17
83460 5 18 0 8 0 18
83520 9 18 0 1 0 18
83580 9 17 1 3 0 17
83640 7 17 1 4 0 17
83700 11 18 0 2 1 17
83760 14 18 0 1 0 18
83820 13 17 1 0 0 17
83880 10 18 0 5 1 17
83940 7 17 1 5 0 17
84000 9 17 1 3 0 17
84060 11 15 3 6 0 15
84120 16 18 0 1 0 18
84180 16 16 2 1 1 15
84240 14 17 1 0 1 16
84300 12 15 3 1 0 15
84360 7 17 1 1 0 17
84420 11 17 1 3 0 17
84480 10 17 1 3 0 17
84540 7 17 1 2 0 17
84600 13 18 0 1 0 18
84660 13 18 0 3 1 17
84720 8 18 0 2 0 18
84780 11 17 1 0 0 17
84840 10 17 1 1 0 17
84900 14 18 0 1 0 18
84960 12 18 0 1 0 18
85020 12 18 0 4 2 16
85080 12 17 1 3 0 17
85140 16 18 0 0 0 18
85200 7 18 0 0 0 18
85260 12 17 1 1 0 16
85320 6 18 0 3 0 18
85380 12 15 3 0 0 15
85440 14 17 1 0 0 17
85500 13 17 1 0 0 17
85560 13 17 1 4 0 17
85620 6 18 0 1 0 18
85680 6 18 0 3 0 18
85740 6 18 0 1 0 18
85800 9 18 0 3 0 18
85860 14 17 1 0 0 17
85920 10 18 0 4 1 17
85980 5 18 0 2 0 18
86040 8 15 3 6 0 15
86100 9 18 0 2 0 18
86160 11 16 2 4 0 16
86220 14 18 0 1 0 18
86280 12 17 1 0 0 17
86340 8 17 1 1 1 16
86400 9 18 0 1 0 18
