time CaMKII* CaMKII6 CaMKII7 PP1 x y
120 18 16 2 0 1 15
180 14 17 1 1 0 17
240 18 18 0 1 3 15
300 18 18 0 0 0 18
360 17 18 0 0 0 18
420 17 18 0 0 4 14
480 17 17 1 0 0 17
540 14 16 2 0 0 16
600 16 17 1 1 1 16
660 14 18 0 0 0 18
720 18 17 1 1 1 16
780 16 18 0 2 0 18
840 16 16 2 0 0 16
900 17 18 0 0 2 16
960 18 16 2 0 4 12
1020 18 18 0 0 4 14
1080 17 16 2 0 0 16
1140 16 16 2 0 1 15
1200 17 18 0 0 1 17
1260 16 17 1 0 1 16
1320 17 16 2 1 1 15
1380 17 16 2 0 3 13
1440 16 17 1 0 0 17
1500 14 17 1 1 0 17
1560 17 18 0 1 2 16
1620 17 16 2 0 3 13
1680 16 16 2 1 2 14
1740 18 17 1 0 1 16
1800 17 18 0 0 0 18
1860 17 17 1 0 1 16
1920 18 18 0 0 2 15
1980 18 18 0 0 2 16
2040 17 16 2 1 0 16
2100 18 17 1 0 2 15
2160 16 18 0 1 0 18
2220 17 18 0 0 0 18
2280 17 18 0 0 2 16
2340 17 18 0 0 3 15
2400 18 17 1 0 2 15
2460 17 17 1 0 4 13
2520 17 18 0 0 0 18
2580 17 17 1 1 1 16
2640 18 17 1 1 2 15
2700 16 16 2 0 0 16
2760 16 18 0 0 2 16
2820 18 18 0 0 2 16
2880 17 17 1 0 0 17
2940 14 17 1 0 0 17
3000 18 17 1 0 1 16
3060 18 16 2 0 1 14
3120 17 18 0 0 1 17
3180 15 17 1 0 2 15
3240 17 17 1 0 2 15
3300 17 18 0 0 1 17
3360 18 17 1 0 1 16
3420 18 18 0 0 0 18
3480 14 17 1 1 0 17
3540 17 17 1 0 4 13
3600 14 18 0 0 2 16
3660 16 17 1 1 0 17
3720 16 15 3 1 0 15
3780 17 18 0 0 3 15
3840 17 18 0 0 1 17
3900 15 18 0 0 0 18
3960 17 17 1 1 0 17
4020 15 18 0 1 0 18
4080 16 16 2 0 0 16
4140 18 18 0 0 5 13
4200 14 18 0 0 0 18
4260 17 17 1 0 0 17
4320 15 17 1 0 0 17
4380 17 17 1 0 1 16
4440 13 17 1 2 0 17
4500 16 17 1 0 3 14
4560 18 17 1 0 2 15
4620 18 18 0 0 1 17
4680 16 18 0 1 0 18
4740 16 17 1 0 0 17
4800 15 18 0 0 1 17
4860 17 17 1 0 1 16
4920 18 18 0 1 1 17
4980 18 18 0 1 1 17
5040 17 17 1 0 1 15
5100 14 17 1 0 0 17
5160 17 18 0 0 1 17
5220 15 17 1 0 1 16
5280 16 18 0 0 0 18
5340 16 18 0 0 0 18
5400 17 18 0 3 1 17
5460 18 18 0 2 0 18
5520 16 17 1 1 1 16
5580 16 18 0 0 1 17
5640 16 18 0 1 2 16
5700 14 18 0 1 0 18
5760 17 17 1 0 0 17
5820 18 18 0 0 1 17
5880 17 18 0 0 3 15
5940 14 18 0 0 3 15
6000 16 17 1 0 0 17
6060 16 17 1 0 0 17
6120 18 17 1 0 7 10
6180 16 16 2 0 1 15
6240 15 18 0 1 1 17
6300 18 18 0 0 1 17
6360 17 17 1 0 0 17
6420 14 16 2 0 2 14
6480 18 17 1 0 3 14
6540 17 18 0 1 3 15
6600 18 16 2 0 2 14
6660 17 18 0 0 0 18
6720 18 18 0 0 1 17
6780 17 15 3 0 1 14
6840 16 15 3 1 0 15
6900 17 17 1 0 1 16
6960 18 18 0 0 1 17
7020 17 18 0 1 2 16
7080 18 17 1 1 2 15
7140 18 17 1 1 3 14
7200 16 17 1 0 1 16
7260 17 17 1 0 1 16
7320 17 16 2 0 2 14
7380 17 18 0 0 3 15
7440 16 17 1 0 1 16
7500 18 18 0 0 2 16
7560 16 16 2 0 1 15
7620 18 17 1 0 3 14
7680 18 18 0 0 2 16
7740 18 18 0 0 0 18
7800 18 17 1 0 3 14
7860 18 18 0 0 1 17
7920 15 18 0 0 0 18
7980 18 17 1 0 0 17
8040 18 17 1 0 2 15
8100 17 18 0 1 3 15
8160 18 17 1 0 1 16
8220 17 17 1 0 4 13
8280 18 18 0 0 3 15
8340 18 17 1 0 4 13
8400 16 18 0 1 1 17
8460 18 17 1 1 3 14
8520 15 17 1 0 1 16
8580 16 17 1 1 0 17
8640 18 17 1 1 2 15
8700 15 17 1 0 1 16
8760 18 18 0 0 2 16
8820 18 18 0 0 4 14
8880 17 18 0 0 0 18
8940 15 17 1 0 0 17
9000 16 18 0 0 0 18
9060 14 17 1 0 0 17
9120 17 17 1 0 2 15
9180 17 15 3 0 2 13
9240 15 18 0 1 0 18
9300 18 17 1 0 1 16
9360 16 18 0 0 0 18
9420 17 17 1 0 1 16
9480 17 17 1 0 0 17
9540 16 17 1 0 3 13
9600 14 18 0 0 1 17
9660 16 16 2 0 1 15
9720 18 18 0 0 0 18
9780 14 16 2 1 0 16
9840 16 16 2 1 2 14
9900 16 18 0 0 0 18
9960 17 17 1 1 1 16
10020 16 15 3 1 1 14
10080 16 17 1 1 1 16
10140 16 18 0 1 1 17
10200 16 18 0 1 1 17
10260 18 18 0 0 1 17
10320 18 16 2 0 1 14
10380 16 18 0 0 0 18
10440 18 15 3 0 2 13
10500 16 17 1 0 1 16
10560 17 17 1 0 2 15
10620 17 17 1 0 1 16
10680 18 17 1 0 1 16
10740 17 18 0 0 0 17
10800 18 17 1 0 1 16
10860 18 17 1 0 5 12
10920 17 18 0 0 3 15
10980 17 18 0 0 1 17
11040 17 16 2 0 1 15
11100 18 17 1 0 3 14
11160 16 17 1 0 0 17
11220 18 17 1 1 0 17
11280 17 18 0 0 1 17
11340 18 17 1 0 0 17
11400 18 16 2 0 2 14
11460 15 18 0 1 0 18
11520 17 16 2 0 0 16
11580 18 17 1 0 6 11
11640 18 17 1 0 5 12
11700 16 18 0 1 1 17
11760 16 17 1 0 1 15
11820 13 18 0 0 0 18
11880 18 17 1 0 3 14
11940 18 16 2 0 2 14
12000 17 17 1 1 4 13
12060 13 17 1 0 0 17
12120 16 16 2 1 0 16
12180 17 18 0 0 1 16
12240 16 17 1 0 3 14
12300 18 18 0 0 2 15
12360 17 18 0 0 4 14
12420 17 18 0 0 3 15
12480 17 17 1 0 2 15
12540 17 15 3 1 0 15
12600 17 18 0 1 1 17
12660 18 15 3 0 0 15
12720 17 18 0 0 3 15
12780 16 17 1 0 0 17
12840 18 18 0 0 1 17
12900 17 18 0 0 5 13
12960 18 17 1 1 0 17
13020 15 18 0 1 2 16
13080 18 17 1 0 3 14
13140 16 18 0 0 2 16
13200 16 18 0 0 2 15
13260 16 18 0 0 1 17
13320 18 18 0 0 2 16
13380 16 18 0 0 1 17
13440 16 17 1 1 1 16
13500 15 18 0 0 4 14
13560 18 18 0 0 4 14
13620 18 18 0 1 1 17
13680 13 18 0 0 0 18
13740 16 15 3 0 0 15
13800 18 17 1 0 5 12
13860 18 17 1 1 1 16
13920 18 17 1 1 0 17
13980 17 18 0 0 2 16
14040 18 18 0 1 2 16
14100 18 16 2 0 0 16
14160 17 17 1 0 4 13
14220 16 17 1 0 2 15
14280 15 17 1 0 0 17
14340 17 16 2 0 0 16
14400 18 18 0 0 3 14
14460 17 18 0 0 1 17
14520 18 17 1 0 1 16
14580 15 18 0 1 0 18
14640 16 17 1 0 0 17
14700 17 18 0 0 0 17
14760 16 17 1 0 1 16
14820 18 18 0 0 2 15
14880 18 18 0 0 3 15
14940 17 18 0 0 1 17
15000 16 16 2 0 2 14
15060 18 18 0 0 2 16
15120 16 18 0 0 0 18
15180 18 17 1 1 2 15
15240 17 18 0 1 3 15
15300 17 18 0 1 2 16
15360 18 18 0 0 0 18
15420 17 16 2 0 1 15
15480 13 18 0 0 0 18
15540 18 18 0 0 2 16
15600 15 16 2 0 0 16
15660 18 18 0 0 0 18
15720 18 18 0 0 1 17
15780 18 18 0 0 2 16
15840 15 18 0 0 2 16
15900 14 17 1 2 0 17
15960 16 18 0 0 2 16
16020 16 18 0 0 3 15
16080 16 13 5 0 0 13
16140 18 17 1 0 1 16
16200 17 18 0 0 2 16
16260 16 17 1 0 0 17
16320 13 18 0 2 0 17
16380 18 16 2 0 3 13
16440 17 18 0 0 5 13
16500 18 15 3 0 1 14
16560 17 17 1 0 1 16
16620 16 17 1 0 2 15
16680 17 15 3 0 1 14
16740 15 17 1 0 0 17
16800 16 17 1 0 1 16
16860 16 18 0 0 1 17
16920 13 18 0 1 1 17
16980 15 17 1 0 2 15
17040 17 18 0 0 4 14
17100 18 18 0 0 7 11
17160 18 18 0 0 2 16
17220 16 18 0 0 0 18
17280 16 18 0 0 0 18
17340 17 18 0 0 2 16
17400 18 17 1 0 1 16
17460 18 17 1 0 9 8
17520 15 17 1 1 5 12
17580 17 16 2 0 5 11
17640 17 18 0 0 4 14
17700 18 15 3 1 1 14
17760 17 17 1 0 2 15
17820 16 18 0 0 0 18
17880 18 18 0 0 4 14
17940 17 18 0 0 7 11
18000 18 18 0 0 0 18
18060 17 17 1 0 1 16
18120 17 18 0 0 0 18
18180 17 17 1 0 1 16
18240 18 16 2 0 0 16
18300 14 15 3 0 0 15
18360 16 16 2 0 2 14
18420 18 17 1 0 0 17
18480 16 18 0 0 0 18
18540 15 18 0 0 1 17
18600 17 18 0 2 1 17
18660 18 16 2 0 2 14
18720 18 18 0 0 2 16
18780 15 17 1 0 0 17
18840 18 18 0 0 2 16
18900 17 18 0 1 1 17
18960 18 17 1 0 2 15
19020 18 18 0 0 1 17
19080 18 17 1 0 0 17
19140 17 18 0 0 1 17
19200 18 17 1 0 0 17
19260 17 15 3 0 2 13
19320 17 17 1 0 0 17
19380 15 18 0 0 2 16
19440 18 18 0 2 1 17
19500 16 17 1 0 1 16
19560 18 17 1 0 2 15
19620 17 18 0 1 3 15
19680 17 17 1 0 1 16
19740 18 16 2 0 0 16
19800 16 18 0 1 1 17
19860 18 16 2 0 1 15
19920 17 17 1 0 0 17
19980 17 18 0 0 2 16
20040 15 17 1 0 0 17
20100 18 17 1 0 5 12
20160 17 17 1 0 0 17
20220 16 17 1 0 0 16
20280 18 18 0 0 2 16
20340 18 16 2 0 1 14
20400 16 18 0 0 1 16
20460 17 17 1 0 0 17
20520 18 16 2 0 2 14
20580 17 17 1 0 4 13
20640 18 18 0 0 1 17
20700 16 17 1 1 0 17
20760 16 17 1 0 0 17
20820 18 18 0 0 3 15
20880 16 18 0 0 1 17
20940 15 18 0 1 0 18
21000 18 18 0 0 1 17
21060 18 16 2 0 2 14
21120 18 18 0 1 0 18
21180 16 18 0 1 1 16
21240 16 17 1 0 1 16
21300 17 17 1 0 1 16
21360 18 18 0 0 3 15
21420 18 16 2 0 3 13
21480 17 17 1 1 0 17
21540 17 17 1 0 2 15
21600 16 16 2 0 2 14
21660 15 18 0 3 0 18
21720 16 17 1 1 0 17
21780 15 18 0 2 0 18
21840 18 18 0 0 2 16
21900 17 17 1 1 1 16
21960 17 18 0 0 1 17
22020 17 17 1 0 2 15
22080 16 18 0 1 0 18
22140 17 18 0 1 2 16
22200 15 17 1 0 1 16
22260 18 18 0 0 3 15
22320 17 18 0 0 3 15
22380 17 18 0 0 3 15
22440 16 17 1 3 0 16
22500 18 17 1 1 4 13
22560 17 17 1 0 1 16
22620 18 15 3 0 2 13
22680 17 17 1 0 1 16
22740 17 18 0 1 1 17
22800 17 17 1 0 3 14
22860 13 17 1 0 0 17
22920 18 18 0 0 3 15
22980 14 17 1 0 1 16
23040 17 18 0 0 1 17
23100 18 16 2 0 1 14
23160 17 17 1 1 2 15
23220 17 18 0 0 2 16
23280 13 18 0 2 0 18
23340 18 17 1 0 1 16
23400 18 18 0 0 4 14
23460 18 17 1 0 3 14
23520 17 18 0 0 2 16
23580 18 17 1 0 1 16
23640 18 17 1 1 1 16
23700 15 18 0 0 3 15
23760 17 15 3 0 1 14
23820 18 17 1 0 1 16
23880 17 15 3 0 1 14
23940 15 17 1 0 0 17
24000 17 18 0 0 3 15
24060 16 18 0 0 4 14
24120 17 15 3 0 2 13
24180 17 18 0 0 3 15
24240 18 17 1 0 1 16
24300 17 18 0 0 3 15
24360 16 17 1 1 3 14
24420 18 17 1 0 4 13
24480 18 18 0 0 2 16
24540 15 18 0 0 0 18
24600 12 18 0 0 1 17
24660 16 17 1 0 1 16
24720 17 18 0 0 2 16
24780 17 18 0 0 1 17
24840 17 17 1 1 3 14
24900 17 17 1 1 1 16
24960 18 16 2 0 0 16
25020 16 18 0 0 1 17
25080 14 17 1 0 1 16
25140 17 18 0 0 0 18
25200 16 18 0 1 0 18
25260 17 18 0 0 1 17
25320 16 18 0 0 0 18
25380 17 17 1 0 1 16
25440 17 18 0 0 1 17
25500 17 18 0 0 1 17
25560 18 18 0 0 5 13
25620 17 18 0 0 3 15
25680 18 17 1 0 1 16
25740 17 17 1 0 1 16
25800 16 18 0 1 2 16
25860 15 17 1 0 0 17
25920 17 18 0 0 1 17
25980 16 17 1 0 3 14
26040 16 17 1 0 1 16
26100 16 18 0 0 1 17
26160 15 18 0 0 1 17
26220 18 18 0 0 1 17
26280 16 15 3 0 1 14
26340 18 17 1 0 1 15
26400 14 18 0 0 0 18
26460 17 18 0 2 1 17
26520 13 17 1 0 1 16
26580 17 17 1 0 1 16
26640 18 18 0 0 3 15
26700 15 17 1 0 0 17
26760 16 18 0 0 1 17
26820 16 18 0 1 2 16
26880 18 14 4 0 1 13
26940 17 17 1 0 4 12
27000 18 18 0 0 3 15
27060 15 18 0 0 0 18
27120 17 18 0 0 1 17
27180 16 18 0 0 0 17
27240 16 18 0 0 0 17
27300 18 18 0 0 0 18
27360 17 18 0 1 0 18
27420 16 18 0 0 0 18
27480 18 18 0 1 3 15
27540 17 18 0 0 2 16
27600 17 17 1 1 2 15
27660 18 16 2 0 1 15
27720 18 18 0 0 5 13
27780 16 17 1 0 2 15
27840 17 17 1 0 2 15
27900 18 17 1 0 1 16
27960 17 18 0 0 1 17
28020 17 15 3 0 3 12
28080 17 17 1 0 4 13
28140 18 16 2 1 3 12
28200 17 16 2 0 1 15
28260 17 18 0 0 1 17
28320 16 18 0 0 0 18
28380 17 17 1 0 1 16
28440 17 15 3 0 0 15
28500 18 17 1 0 3 14
28560 16 17 1 0 4 13
28620 17 17 1 0 0 17
28680 17 18 0 0 0 18
28740 18 16 2 0 4 12
28800 18 16 2 0 0 16
28860 16 17 1 1 2 15
28920 18 18 0 0 0 18
28980 17 18 0 0 0 18
29040 18 18 0 0 5 13
29100 17 18 0 0 1 17
29160 18 17 1 0 0 17
29220 16 18 0 0 2 16
29280 15 17 1 0 0 17
29340 17 17 1 0 0 17
29400 16 16 2 0 0 16
29460 15 18 0 0 4 14
29520 16 17 1 1 0 17
29580 15 18 0 1 1 17
29640 17 18 0 0 1 17
29700 18 17 1 0 2 15
29760 17 17 1 1 0 17
29820 18 18 0 0 4 14
29880 17 18 0 0 1 17
29940 17 18 0 1 1 17
30000 16 18 0 1 1 17
30060 13 17 1 1 0 17
30120 18 17 1 0 1 16
30180 17 17 1 1 1 16
30240 17 18 0 0 3 15
30300 18 14 4 0 3 11
30360 18 18 0 0 1 17
30420 18 18 0 0 5 13
30480 17 18 0 0 3 15
30540 17 18 0 0 0 18
30600 16 17 1 0 1 16
30660 18 17 1 0 2 15
30720 17 18 0 0 1 17
30780 16 16 2 1 2 14
30840 15 18 0 0 0 18
30900 15 18 0 0 1 17
30960 17 18 0 0 3 14
31020 18 18 0 0 0 17
31080 17 17 1 0 0 17
31140 17 17 1 0 1 16
31200 16 18 0 2 1 17
31260 16 17 1 0 0 17
31320 16 17 1 0 1 16
31380 17 18 0 0 0 18
31440 17 18 0 0 3 15
31500 17 16 2 0 1 15
31560 18 17 1 0 2 15
31620 18 17 1 0 1 16
31680 14 17 1 0 0 17
31740 17 17 1 1 0 17
31800 17 17 1 1 2 15
31860 17 15 3 0 1 14
31920 17 18 0 1 1 16
31980 17 17 1 2 1 16
32040 17 18 0 0 0 18
32100 18 15 3 0 1 14
32160 17 18 0 2 1 17
32220 17 18 0 0 0 17
32280 18 18 0 0 0 18
32340 16 17 1 1 0 17
32400 15 17 1 0 3 14
32460 15 18 0 0 0 18
32520 18 17 1 0 0 17
32580 16 17 1 1 0 16
32640 17 15 3 0 2 13
32700 18 17 1 0 1 16
32760 16 18 0 0 2 16
32820 15 18 0 2 0 18
32880 18 17 1 0 2 15
32940 15 17 1 0 1 16
33000 17 18 0 0 1 17
33060 16 18 0 1 2 16
33120 18 18 0 0 0 18
33180 16 17 1 0 0 17
33240 17 18 0 0 3 15
33300 15 18 0 0 0 18
33360 15 17 1 0 0 17
33420 17 17 1 1 0 17
33480 17 16 2 1 1 15
33540 17 18 0 0 2 16
33600 17 17 1 1 0 17
33660 17 18 0 0 2 16
33720 18 17 1 0 1 16
33780 18 18 0 0 0 18
33840 14 16 2 0 0 16
33900 17 17 1 0 3 14
33960 18 18 0 0 1 17
34020 18 18 0 0 1 17
34080 15 18 0 0 5 13
34140 15 18 0 0 1 17
34200 17 15 3 0 0 15
34260 17 16 2 0 3 12
34320 18 17 1 0 2 15
34380 16 17 1 0 1 16
34440 16 16 2 1 2 14
34500 16 16 2 0 0 16
34560 18 17 1 0 3 13
34620 16 18 0 0 2 16
34680 17 18 0 0 1 15
34740 18 17 1 0 3 14
34800 17 17 1 0 0 17
34860 18 18 0 0 2 15
34920 18 17 1 0 2 15
34980 17 18 0 0 0 18
35040 18 17 1 1 1 16
35100 13 18 0 1 0 18
35160 18 18 0 0 1 17
35220 18 17 1 0 5 12
35280 14 16 2 1 1 15
35340 17 17 1 0 2 15
35400 16 18 0 0 2 16
35460 18 18 0 0 2 16
35520 16 18 0 1 1 17
35580 16 16 2 0 0 16
35640 18 17 1 0 0 17
35700 18 18 0 0 1 17
35760 17 17 1 0 1 16
35820 16 18 0 0 1 17
35880 18 17 1 0 0 17
35940 16 18 0 0 0 18
36000 17 17 1 0 4 13
36060 16 16 2 0 3 13
36120 18 16 2 0 2 14
36180 17 18 0 0 1 17
36240 18 17 1 0 2 15
36300 17 18 0 0 0 18
36360 14 17 1 0 1 16
36420 18 18 0 0 2 16
36480 18 16 2 0 4 12
36540 18 18 0 0 3 14
36600 16 18 0 0 0 18
36660 16 16 2 0 2 14
36720 17 18 0 1 3 15
36780 17 18 0 0 2 16
36840 18 18 0 0 2 15
36900 15 18 0 0 0 18
36960 17 18 0 2 0 18
37020 18 16 2 0 2 14
37080 16 17 1 1 0 17
37140 15 16 2 0 0 16
37200 18 17 1 0 0 17
37260 16 18 0 0 0 18
37320 17 17 1 0 0 17
37380 15 17 1 0 1 16
37440 15 17 1 0 2 15
37500 16 18 0 0 1 17
37560 18 18 0 0 2 16
37620 18 17 1 0 2 15
37680 18 16 2 0 3 13
37740 18 18 0 2 0 18
37800 16 18 0 1 0 18
37860 17 17 1 1 1 16
37920 18 18 0 0 0 18
37980 17 17 1 0 0 17
38040 16 18 0 0 1 17
38100 16 17 1 0 0 17
38160 16 18 0 0 2 16
38220 17 18 0 0 3 15
38280 16 15 3 0 0 15
38340 18 18 0 0 2 16
38400 17 17 1 0 1 16
38460 17 18 0 0 1 17
38520 16 16 2 0 2 14
38580 18 17 1 1 4 13
38640 16 17 1 0 0 17
38700 18 18 0 0 2 16
38760 16 16 2 0 1 15
38820 17 17 1 0 1 16
38880 15 16 2 0 0 16
38940 18 17 1 0 1 16
39000 16 18 0 0 0 18
39060 18 15 3 0 1 14
39120 18 17 1 0 2 15
39180 17 18 0 0 2 16
39240 17 18 0 0 4 14
39300 17 17 1 0 2 14
39360 16 15 3 0 0 15
39420 17 18 0 2 0 18
39480 18 17 1 0 0 17
39540 17 18 0 0 2 16
39600 16 18 0 0 4 14
39660 17 17 1 0 2 15
39720 16 17 1 0 1 16
39780 17 18 0 0 1 17
39840 16 18 0 1 0 18
39900 18 18 0 0 3 15
39960 17 17 1 0 1 16
40020 18 17 1 0 1 16
40080 16 18 0 0 1 17
40140 18 17 1 0 1 16
40200 18 17 1 0 1 16
40260 18 16 2 0 0 16
40320 17 17 1 2 0 17
40380 17 17 1 0 2 15
40440 18 17 1 0 2 15
40500 17 18 0 0 0 18
40560 17 17 1 1 2 15
40620 18 16 2 0 1 15
40680 16 18 0 0 2 16
40740 14 18 0 0 0 18
40800 18 17 1 1 3 14
40860 14 15 3 0 1 14
40920 18 17 1 0 1 16
40980 16 15 3 2 0 15
41040 18 17 1 0 0 17
41100 18 18 0 0 4 14
41160 18 16 2 0 0 16
41220 18 18 0 1 1 16
41280 15 18 0 0 2 16
41340 16 18 0 0 1 17
41400 17 17 1 0 1 16
41460 18 17 1 0 2 15
41520 13 17 1 1 0 17
41580 14 16 2 0 0 16
41640 16 17 1 0 0 17
41700 16 17 1 0 0 17
41760 17 15 3 3 1 14
41820 17 18 0 1 1 17
41880 16 17 1 1 2 15
41940 18 17 1 1 2 15
42000 13 16 2 0 0 16
42060 18 16 2 0 2 14
42120 18 16 2 0 0 16
42180 18 18 0 1 1 17
42240 16 15 3 0 1 14
42300 17 18 0 0 2 16
42360 15 17 1 0 0 17
42420 18 16 2 1 1 15
42480 16 18 0 0 4 14
42540 13 17 1 0 1 16
42600 18 18 0 1 3 14
42660 17 18 0 1 2 16
42720 13 18 0 0 1 17
42780 17 18 0 0 0 18
42840 18 17 1 0 3 14
42900 17 18 0 0 0 18
42960 15 16 2 0 2 14
43020 18 18 0 0 5 13
43080 17 18 0 0 1 17
43140 15 17 1 0 1 16
43200 18 15 3 2 0 15
43260 18 16 2 1 1 15
43320 16 18 0 1 0 18
43380 18 18 0 0 0 18
43440 17 17 1 1 0 17
43500 18 18 0 0 0 18
43560 18 17 1 1 0 17
43620 16 18 0 0 2 16
43680 18 18 0 1 1 17
43740 18 18 0 0 3 15
43800 17 15 3 1 2 13
43860 18 18 0 0 2 16
43920 18 17 1 0 2 15
43980 17 18 0 0 3 15
44040 17 17 1 2 0 17
44100 18 17 1 0 2 15
44160 17 18 0 0 0 18
44220 17 16 2 0 1 15
44280 18 17 1 0 1 16
44340 15 18 0 1 0 18
44400 18 18 0 0 3 15
44460 18 16 2 0 1 15
44520 18 17 1 1 3 14
44580 15 18 0 0 2 16
44640 17 16 2 0 0 16
44700 16 18 0 1 1 17
44760 17 16 2 0 2 14
44820 16 18 0 0 5 13
44880 18 17 1 0 0 17
44940 18 15 3 0 4 11
45000 18 17 1 0 2 15
45060 18 18 0 0 1 16
45120 15 15 3 0 1 14
45180 17 18 0 0 0 17
45240 17 17 1 0 4 13
45300 18 17 1 0 2 14
45360 18 17 1 0 4 13
45420 16 17 1 0 1 16
45480 14 18 0 0 0 18
45540 18 17 1 0 5 12
45600 15 16 2 0 0 16
45660 17 16 2 1 4 12
45720 18 17 1 0 1 16
45780 18 17 1 0 4 13
45840 18 18 0 1 0 17
45900 16 17 1 1 1 16
45960 15 18 0 0 1 17
46020 17 16 2 0 0 16
46080 17 18 0 0 2 16
46140 13 18 0 1 1 17
46200 15 17 1 0 0 17
46260 17 17 1 0 2 15
46320 18 16 2 2 3 13
46380 18 18 0 0 3 15
46440 18 18 0 0 2 16
46500 17 17 1 0 6 11
46560 17 16 2 0 2 14
46620 18 18 0 1 3 15
46680 15 18 0 0 0 18
46740 15 18 0 0 0 18
46800 18 18 0 0 1 17
46860 17 17 1 0 3 14
46920 18 18 0 0 1 17
46980 16 18 0 0 0 18
47040 17 18 0 0 0 18
47100 16 18 0 0 2 16
47160 16 16 2 0 1 15
47220 17 17 1 0 1 16
47280 16 17 1 0 0 17
47340 17 15 3 0 0 15
47400 18 16 2 0 0 16
47460 18 18 0 0 2 16
47520 17 16 2 0 4 12
47580 18 17 1 0 2 15
47640 16 18 0 0 0 18
47700 18 18 0 0 2 16
47760 16 17 1 0 1 16
47820 17 17 1 0 2 15
47880 15 17 1 0 0 17
47940 17 18 0 0 1 17
48000 16 17 1 0 0 17
48060 18 17 1 0 0 17
48120 18 18 0 0 1 17
48180 18 18 0 0 2 16
48240 16 18 0 1 0 18
48300 17 17 1 0 0 17
48360 17 18 0 1 3 15
48420 17 17 1 0 0 17
48480 18 17 1 0 2 15
48540 18 18 0 0 2 16
48600 17 17 1 0 2 15
48660 18 17 1 0 0 17
48720 18 18 0 1 4 14
48780 17 16 2 0 1 15
48840 18 18 0 0 1 17
48900 16 17 1 0 1 15
48960 13 18 0 0 0 18
49020 17 17 1 0 1 16
49080 15 16 2 0 2 14
49140 18 18 0 0 2 16
49200 17 18 0 0 1 17
49260 18 18 0 0 0 18
49320 17 18 0 0 1 17
49380 18 18 0 0 0 18
49440 16 16 2 0 0 15
49500 15 16 2 0 0 16
49560 18 17 1 1 0 16
49620 15 17 1 0 1 16
49680 18 17 1 0 1 16
49740 18 17 1 0 0 17
49800 17 16 2 0 0 16
49860 18 16 2 1 2 14
49920 17 17 1 1 1 15
49980 17 18 0 0 2 16
50040 16 18 0 1 0 18
50100 15 17 1 0 0 17
50160 18 17 1 0 0 17
50220 17 17 1 0 0 17
50280 17 17 1 2 1 16
50340 18 17 1 0 0 17
50400 17 16 2 0 0 16
50460 18 18 0 1 1 17
50520 18 17 1 0 1 16
50580 17 17 1 1 2 15
50640 18 18 0 0 2 16
50700 14 17 1 0 0 17
50760 18 18 0 0 1 17
50820 18 18 0 0 1 17
50880 17 16 2 0 1 15
50940 18 17 1 0 6 11
51000 18 18 0 1 0 17
51060 17 18 0 1 0 18
51120 14 18 0 1 0 18
51180 17 17 1 0 1 16
51240 16 18 0 0 2 16
51300 16 16 2 0 2 14
51360 18 18 0 0 0 18
51420 18 17 1 0 1 15
51480 16 18 0 0 1 17
51540 17 17 1 0 1 15
51600 16 18 0 0 1 17
51660 18 17 1 0 4 13
51720 17 17 1 1 1 16
51780 18 18 0 0 4 14
51840 18 18 0 0 1 17
51900 17 15 3 0 3 12
51960 17 18 0 0 1 17
52020 18 18 0 0 3 15
52080 15 18 0 0 0 18
52140 16 18 0 1 2 16
52200 18 18 0 0 1 17
52260 18 18 0 0 2 16
52320 17 17 1 0 2 15
52380 17 18 0 0 0 18
52440 17 18 0 1 0 18
52500 17 17 1 0 0 17
52560 17 18 0 0 1 17
52620 17 17 1 0 4 13
52680 15 16 2 1 0 16
52740 18 17 1 0 2 15
52800 17 17 1 1 4 12
52860 18 18 0 0 6 12
52920 18 18 0 0 4 14
52980 17 18 0 0 4 14
53040 17 17 1 0 1 16
53100 16 18 0 0 4 14
53160 18 16 2 0 2 14
53220 18 17 1 1 3 14
53280 17 16 2 0 2 14
53340 18 18 0 0 3 15
53400 18 17 1 0 4 13
53460 18 18 0 0 2 16
53520 18 18 0 0 3 15
53580 18 17 1 0 1 16
53640 18 17 1 0 5 12
53700 16 18 0 0 0 18
53760 17 18 0 0 4 14
53820 18 18 0 0 1 17
53880 16 18 0 0 0 18
53940 15 18 0 0 2 16
54000 17 17 1 0 1 16
54060 17 18 0 0 1 17
54120 17 16 2 0 0 16
54180 15 18 0 0 0 18
54240 16 18 0 0 1 17
54300 16 18 0 0 3 15
54360 17 18 0 0 2 16
54420 18 17 1 1 3 14
54480 18 18 0 0 3 15
54540 18 16 2 0 5 11
54600 18 18 0 1 0 18
54660 15 18 0 1 0 18
54720 16 18 0 0 1 17
54780 16 18 0 0 1 17
54840 17 18 0 0 2 16
54900 17 18 0 1 1 17
54960 17 17 1 0 1 16
55020 15 17 1 0 0 16
55080 16 18 0 0 2 15
55140 18 18 0 0 5 13
55200 18 17 1 0 0 17
55260 18 16 2 0 0 16
55320 13 16 2 2 0 16
55380 15 18 0 0 0 18
55440 14 18 0 0 2 16
55500 17 18 0 1 0 18
55560 18 18 0 0 0 18
55620 17 18 0 0 1 17
55680 16 18 0 0 0 17
55740 18 18 0 0 2 16
55800 15 17 1 1 0 17
55860 17 18 0 0 1 17
55920 18 17 1 0 2 15
55980 15 18 0 0 1 17
56040 17 16 2 0 1 15
56100 16 18 0 1 0 18
56160 17 15 3 0 2 13
56220 17 18 0 0 2 16
56280 16 16 2 0 2 14
56340 17 18 0 1 0 18
56400 18 18 0 0 1 17
56460 17 17 1 1 0 17
56520 18 18 0 0 2 16
56580 13 18 0 1 1 17
56640 18 17 1 0 0 17
56700 18 18 0 0 4 14
56760 18 17 1 0 3 14
56820 17 18 0 2 1 17
56880 16 18 0 0 1 17
56940 17 16 2 0 2 14
57000 18 18 0 1 1 17
57060 17 17 1 0 1 16
57120 17 18 0 0 1 17
57180 16 18 0 0 0 18
57240 18 18 0 0 1 17
57300 18 17 1 0 2 15
57360 15 16 2 0 2 14
57420 18 18 0 0 2 15
57480 17 18 0 0 0 18
57540 18 17 1 1 2 15
57600 18 16 2 1 1 15
57660 15 18 0 0 2 16
57720 15 17 1 1 1 16
57780 18 18 0 0 1 16
57840 16 17 1 0 0 17
57900 12 18 0 0 0 18
57960 18 18 0 1 2 16
58020 18 16 2 0 3 13
58080 14 18 0 1 0 18
58140 16 18 0 0 1 17
58200 18 16 2 0 3 12
58260 17 18 0 1 6 12
58320 16 17 1 0 2 15
58380 17 18 0 0 3 15
58440 17 18 0 0 1 17
58500 17 16 2 0 0 16
58560 18 17 1 0 0 16
58620 18 17 1 0 1 16
58680 17 18 0 0 3 15
58740 18 18 0 0 3 15
58800 18 18 0 0 2 16
58860 15 18 0 0 1 17
58920 17 18 0 0 1 17
58980 16 15 3 0 1 14
59040 15 18 0 0 0 18
59100 14 18 0 0 0 17
59160 18 18 0 1 2 16
59220 16 18 0 1 0 18
59280 16 18 0 0 0 18
59340 18 18 0 0 1 17
59400 17 18 0 0 2 16
59460 12 18 0 0 0 18
59520 18 17 1 0 0 17
59580 17 18 0 0 0 18
59640 15 17 1 0 0 17
59700 18 18 0 0 2 16
59760 16 18 0 1 0 18
59820 17 17 1 0 1 16
59880 16 16 2 0 2 14
59940 18 16 2 0 1 13
60000 18 18 0 1 1 17
60060 17 18 0 0 5 13
60120 18 17 1 0 2 15
60180 18 18 0 0 7 11
60240 17 18 0 0 0 18
60300 15 18 0 0 1 16
60360 13 18 0 0 1 17
60420 18 18 0 0 1 17
60480 17 18 0 1 1 17
60540 18 17 1 0 3 14
60600 17 18 0 0 1 17
60660 18 16 2 0 0 16
60720 17 17 1 0 1 16
60780 15 17 1 1 1 16
60840 18 17 1 0 1 16
60900 18 18 0 0 2 16
60960 17 18 0 0 1 17
61020 17 16 2 2 1 15
61080 17 18 0 0 3 15
61140 17 16 2 1 3 13
61200 17 17 1 1 1 16
61260 17 17 1 1 1 16
61320 17 18 0 0 0 18
61380 16 18 0 3 1 17
61440 16 18 0 0 0 18
61500 16 17 1 0 3 14
61560 18 17 1 0 5 12
61620 17 16 2 0 1 15
61680 18 18 0 1 2 16
61740 18 18 0 0 2 16
61800 18 18 0 0 1 17
61860 18 18 0 0 2 16
61920 18 17 1 0 1 16
61980 18 18 0 1 1 17
62040 16 17 1 0 1 16
62100 18 16 2 0 1 15
62160 18 18 0 0 2 16
62220 18 16 2 0 1 15
62280 18 16 2 0 5 11
62340 18 18 0 0 1 17
62400 17 18 0 2 0 18
62460 17 17 1 0 2 15
62520 18 18 0 0 1 17
62580 17 17 1 0 3 14
62640 17 17 1 0 4 13
62700 16 18 0 0 0 18
62760 15 16 2 0 0 16
62820 17 17 1 0 2 15
62880 18 18 0 0 4 14
62940 18 16 2 0 5 11
63000 14 18 0 0 0 18
63060 16 17 1 1 1 16
63120 18 18 0 0 1 17
63180 17 18 0 1 0 18
63240 17 17 1 0 2 15
63300 18 17 1 0 1 16
63360 18 18 0 0 4 14
63420 16 17 1 0 0 17
63480 18 17 1 1 2 15
63540 18 17 1 0 2 15
63600 17 17 1 0 8 9
63660 17 18 0 0 0 18
63720 18 17 1 1 0 17
63780 18 18 0 0 1 17
63840 15 16 2 0 1 15
63900 15 17 1 1 0 17
63960 15 17 1 0 1 16
64020 18 18 0 0 1 17
64080 18 18 0 0 2 15
64140 18 17 1 1 2 15
64200 18 16 2 0 1 15
64260 18 16 2 0 0 16
64320 18 18 0 1 1 17
64380 17 18 0 1 0 18
64440 18 17 1 0 2 15
64500 18 17 1 0 1 16
64560 18 16 2 0 0 16
64620 17 18 0 0 1 17
64680 17 16 2 0 2 14
64740 17 18 0 0 1 17
64800 16 17 1 1 2 15
64860 18 17 1 0 2 14
64920 16 17 1 0 1 16
64980 16 18 0 1 1 17
65040 17 17 1 2 1 16
65100 16 17 1 3 1 16
65160 18 17 1 0 1 16
65220 13 18 0 0 1 17
65280 16 16 2 0 1 15
65340 18 18 0 0 5 13
65400 18 16 2 0 3 13
65460 18 17 1 0 8 9
65520 17 18 0 0 1 17
65580 18 17 1 0 0 17
65640 17 17 1 0 2 15
65700 18 18 0 0 3 15
65760 15 16 2 1 0 16
65820 17 18 0 0 1 16
65880 17 18 0 0 0 18
65940 17 17 1 0 2 15
66000 17 16 2 0 0 16
66060 16 16 2 0 2 14
66120 16 17 1 0 1 16
66180 17 18 0 0 0 18
66240 16 16 2 0 3 13
66300 18 17 1 0 1 16
66360 15 16 2 0 0 16
66420 17 18 0 0 1 17
66480 16 17 1 0 0 17
66540 18 18 0 0 1 17
66600 18 16 2 0 1 15
66660 16 18 0 1 2 16
66720 17 17 1 0 3 14
66780 18 17 1 0 0 17
66840 16 18 0 1 1 17
66900 18 18 0 0 0 18
66960 17 17 1 0 1 16
67020 17 17 1 1 2 15
67080 16 17 1 0 0 17
67140 17 17 1 0 1 15
67200 13 18 0 1 0 18
67260 17 17 1 0 1 16
67320 16 16 2 0 0 16
67380 16 18 0 1 0 18
67440 18 18 0 0 0 18
67500 17 15 3 0 2 13
67560 17 18 0 0 0 18
67620 18 18 0 0 2 16
67680 18 18 0 0 2 15
67740 10 18 0 0 0 18
67800 16 17 1 0 2 15
67860 16 17 1 0 1 16
67920 15 17 1 0 1 16
67980 18 18 0 1 0 18
68040 16 18 0 0 1 17
68100 17 17 1 0 1 16
68160 18 17 1 1 0 17
68220 17 17 1 0 1 16
68280 18 17 1 1 2 15
68340 18 17 1 0 2 15
68400 17 18 0 0 0 18
68460 18 17 1 0 1 16
68520 18 17 1 1 0 17
68580 18 16 2 0 3 12
68640 13 18 0 1 0 18
68700 15 18 0 1 0 18
68760 18 18 0 0 1 17
68820 16 17 1 0 0 17
68880 17 16 2 1 3 13
68940 16 18 0 0 1 17
69000 18 17 1 0 2 15
69060 18 18 0 0 0 18
69120 17 18 0 0 3 15
69180 17 17 1 0 2 15
69240 17 18 0 0 1 17
69300 15 18 0 0 2 16
69360 17 18 0 0 1 17
69420 16 16 2 0 1 14
69480 15 17 1 0 0 17
69540 17 18 0 0 1 17
69600 17 17 1 1 2 15
69660 18 14 4 0 2 12
69720 18 18 0 1 0 17
69780 18 16 2 0 0 16
69840 18 16 2 0 4 12
69900 15 17 1 1 0 16
69960 17 16 2 0 1 15
70020 18 18 0 0 3 15
70080 16 16 2 0 1 15
70140 18 18 0 0 5 13
70200 17 18 0 0 0 17
70260 16 17 1 0 0 17
70320 17 17 1 0 3 14
70380 18 16 2 0 3 13
70440 18 17 1 0 1 16
70500 17 18 0 0 1 17
70560 18 16 2 0 1 15
70620 17 18 0 0 1 17
70680 18 18 0 0 1 17
70740 17 18 0 0 0 18
70800 17 18 0 0 2 16
70860 18 16 2 0 1 15
70920 15 18 0 0 0 18
70980 13 18 0 0 0 18
71040 18 17 1 1 0 17
71100 17 17 1 1 3 14
71160 16 18 0 0 3 15
71220 17 17 1 0 1 16
71280 17 16 2 0 1 15
71340 17 17 1 1 1 16
71400 17 18 0 0 3 15
71460 17 18 0 0 0 18
71520 16 17 1 0 0 17
71580 17 18 0 0 0 18
71640 17 18 0 0 2 16
71700 16 16 2 0 0 16
71760 18 16 2 0 4 12
71820 16 16 2 0 0 15
71880 17 18 0 0 0 18
71940 12 18 0 0 1 17
72000 16 17 1 0 0 17
72060 15 16 2 2 1 15
72120 15 17 1 1 2 15
72180 18 18 0 0 2 16
72240 17 18 0 2 1 17
72300 17 16 2 0 1 14
72360 17 18 0 0 1 17
72420 17 17 1 1 1 16
72480 15 18 0 0 0 18
72540 16 18 0 0 0 18
72600 15 16 2 0 0 16
72660 17 17 1 1 1 16
72720 13 18 0 0 0 18
72780 16 16 2 0 0 16
72840 15 16 2 0 1 15
72900 14 17 1 0 0 17
72960 18 16 2 0 2 14
73020 18 18 0 0 2 16
73080 17 17 1 0 0 17
73140 18 18 0 1 0 18
73200 17 17 1 1 2 15
73260 17 18 0 0 0 18
73320 17 18 0 0 0 18
73380 17 15 3 1 1 14
73440 18 16 2 1 2 14
73500 18 18 0 0 2 16
73560 16 15 3 0 0 15
73620 17 18 0 0 0 18
73680 15 17 1 2 0 17
73740 17 17 1 0 2 15
73800 18 17 1 0 3 14
73860 18 17 1 0 2 15
73920 18 17 1 1 2 15
73980 16 17 1 0 2 15
74040 17 17 1 0 3 14
74100 12 17 1 1 1 16
74160 16 18 0 0 1 17
74220 17 18 0 0 2 16
74280 16 18 0 0 2 16
74340 11 16 2 0 0 16
74400 18 17 1 0 0 17
74460 17 18 0 0 2 16
74520 15 17 1 0 0 17
74580 18 17 1 2 1 16
74640 16 18 0 0 4 14
74700 17 15 3 0 1 14
74760 17 18 0 1 0 18
74820 17 15 3 0 0 15
74880 18 18 0 0 1 16
74940 17 17 1 0 0 16
75000 17 18 0 1 0 18
75060 17 18 0 0 0 18
75120 18 18 0 1 4 14
75180 16 17 1 0 1 16
75240 18 18 0 2 1 17
75300 17 18 0 0 0 18
75360 18 18 0 0 1 17
75420 15 16 2 2 0 16
75480 17 17 1 0 0 17
75540 16 18 0 0 1 17
75600 17 17 1 0 0 17
75660 17 17 1 0 2 15
75720 16 18 0 0 3 15
75780 18 17 1 0 2 15
75840 17 17 1 0 2 15
75900 16 18 0 0 0 18
75960 16 17 1 0 0 17
76020 15 17 1 1 1 16
76080 14 16 2 0 0 16
76140 17 17 1 0 3 14
76200 16 18 0 0 3 15
76260 16 18 0 0 1 17
76320 17 18 0 0 2 16
76380 17 16 2 0 1 15
76440 17 18 0 1 0 18
76500 17 17 1 0 0 17
76560 17 18 0 0 3 15
76620 17 18 0 0 4 14
76680 15 17 1 1 0 17
76740 18 14 4 0 3 11
76800 16 16 2 0 3 13
76860 18 18 0 1 2 16
76920 17 18 0 0 1 17
76980 17 17 1 1 1 16
77040 18 16 2 0 0 16
77100 16 17 1 1 1 16
77160 15 17 1 0 0 17
77220 18 17 1 0 0 17
77280 18 15 3 0 0 15
77340 16 18 0 0 2 16
77400 18 18 0 0 0 18
77460 18 17 1 0 2 14
77520 15 18 0 1 0 18
77580 16 17 1 0 1 16
77640 17 18 0 0 2 16
77700 18 16 2 0 1 15
77760 17 18 0 0 4 14
77820 17 18 0 0 1 16
77880 17 18 0 0 1 17
77940 15 18 0 1 1 17
78000 18 18 0 0 1 17
78060 15 17 1 0 1 16
78120 17 17 1 1 2 15
78180 15 18 0 0 0 17
78240 14 17 1 0 0 17
78300 13 18 0 0 1 17
78360 18 17 1 0 1 16
78420 17 18 0 1 1 17
78480 17 18 0 0 0 18
78540 17 17 1 0 0 17
78600 16 18 0 1 1 17
78660 15 16 2 0 2 14
78720 17 17 1 1 1 16
78780 15 17 1 0 2 15
78840 18 17 1 0 1 15
78900 18 18 0 0 0 18
78960 18 17 1 0 1 16
79020 14 18 0 2 0 18
79080 17 18 0 1 1 16
79140 18 17 1 0 2 15
79200 13 18 0 1 0 18
79260 18 17 1 0 1 16
79320 16 16 2 0 2 14
79380 17 18 0 0 1 17
79440 18 17 1 0 2 15
79500 16 17 1 0 0 16
79560 16 17 1 0 2 15
79620 17 15 3 0 1 14
79680 18 15 3 0 3 12
79740 17 18 0 0 0 17
79800 18 18 0 0 1 17
79860 17 17 1 0 2 15
79920 18 17 1 0 3 14
79980 17 17 1 0 1 16
80040 16 18 0 1 1 17
80100 17 18 0 0 1 17
80160 16 17 1 0 2 15
80220 17 17 1 0 0 17
80280 17 18 0 0 3 15
80340 12 17 1 2 0 16
80400 17 18 0 1 2 16
80460 17 18 0 0 0 18
80520 17 18 0 0 1 17
80580 14 16 2 1 0 16
80640 17 17 1 0 2 15
80700 18 17 1 1 2 15
80760 16 18 0 2 0 18
80820 17 18 0 0 0 18
80880 14 18 0 0 0 18
80940 15 18 0 0 0 18
81000 16 18 0 0 2 16
81060 17 18 0 0 1 17
81120 17 17 1 0 1 16
81180 16 17 1 0 2 15
81240 18 18 0 2 2 16
81300 14 16 2 0 0 16
81360 17 18 0 0 0 18
81420 15 17 1 0 1 16
81480 17 18 0 0 1 17
81540 18 18 0 0 2 16
81600 15 18 0 0 1 17
81660 17 16 2 0 2 14
81720 16 16 2 0 0 16
81780 17 17 1 0 1 16
81840 17 17 1 0 1 16
81900 18 17 1 2 1 15
81960 16 16 2 0 1 15
82020 17 17 1 0 1 16
82080 15 18 0 0 3 15
82140 18 18 0 0 1 17
82200 17 18 0 0 2 16
82260 17 18 0 0 5 13
82320 17 17 1 0 1 16
82380 16 18 0 0 2 16
82440 17 17 1 0 0 17
82500 17 18 0 0 4 14
82560 18 16 2 0 0 16
82620 15 17 1 0 0 17
82680 17 15 3 0 0 15
82740 15 17 1 0 0 17
82800 17 17 1 2 0 17
82860 17 17 1 1 3 13
82920 16 18 0 0 1 17
82980 18 16 2 0 2 14
83040 18 17 1 0 3 14
83100 18 18 0 0 2 16
83160 13 18 0 0 0 18
83220 17 17 1 0 2 15
83280 18 15 3 0 3 12
83340 17 17 1 0 0 17
83400 16 17 1 0 1 16
83460 16 17 1 0 3 14
83520 16 18 0 0 0 18
83580 18 18 0 0 1 17
83640 17 18 0 0 3 15
83700 13 17 1 0 0 17
83760 18 18 0 0 0 18
83820 15 16 2 0 1 15
83880 18 17 1 0 4 13
83940 17 18 0 0 3 15
84000 17 18 0 0 0 18
84060 17 16 2 0 3 13
84120 17 17 1 0 3 14
84180 17 14 4 0 2 12
84240 17 18 0 0 4 14
84300 17 15 3 0 2 13
84360 15 18 0 0 3 14
84420 16 16 2 0 1 15
84480 18 18 0 0 2 16
84540 18 18 0 1 2 16
84600 18 16 2 1 0 16
84660 17 18 0 0 0 18
84720 17 18 0 1 1 17
84780 17 16 2 0 1 15
84840 15 18 0 0 0 18
84900 13 15 3 0 2 13
84960 16 17 1 0 4 13
85020 18 18 0 0 1 17
85080 17 17 1 0 0 17
85140 17 18 0 0 0 18
85200 17 17 1 0 0 17
85260 17 16 2 0 0 16
85320 18 17 1 0 1 16
85380 18 17 1 0 0 17
85440 15 17 1 0 1 15
85500 16 17 1 0 0 17
85560 14 15 3 1 0 15
85620 17 17 1 0 2 15
85680 18 18 0 0 0 18
85740 16 18 0 0 0 18
85800 15 17 1 0 1 16
85860 18 17 1 0 5 12
85920 16 18 0 0 8 10
85980 17 16 2 0 2 13
86040 16 17 1 0 0 17
86100 17 18 0 0 0 18
86160 18 17 1 0 2 15
86220 18 17 1 0 2 15
86280 17 18 0 0 2 16
86340 16 16 2 2 0 16
86400 16 17 1 0 3 14
