time CaMKII* CaMKII6 CaMKII7 PP1 x y time CaMKII* CaMKII6 CaMKII7 PP1
10 0 62 38 0 7593 31880 10 13 100 0.0 4
15 0 74 26 0 7593 31880 15 14 100 0.0 1
20 0 79 21 0 7593 31880 20 14 100 0.0 6
25 0 82 18 0 7593 31880 25 13 100 0.0 2
30 0 87 13 0 7593 31880 30 13 100 0.0 1
35 0 91 9 0 7593 31880 35 10 100 0.0 2
40 0 90 10 0 7593 31880 40 9 100 0.0 2
45 0 89 11 0 7593 31880 45 9 100 0.0 2
50 0 93 7 0 7593 31880 50 9 100 0.0 3
55 0 94 6 0 7593 31880 55 9 100 0.0 2
60 0 96 4 0 7593 31880 60 8 100 0.0 5
65 0 94 6 0 7593 31880 65 5 100 0.0 1
70 0 91 9 0 7593 31880 70 5 100 0.0 7
75 0 90 10 0 7593 31880 75 5 100 0.0 2
80 0 91 9 0 7593 31880 80 5 100 0.0 0
85 0 90 10 1 7593 31880 85 4 100 0.0 1
90 0 86 14 0 7593 31880 90 4 100 0.0 1
95 0 86 14 0 7593 31880 95 2 100 0.0 5
100 0 86 14 0 7593 31880 100 1 100 0.0 1
105 0 85 15 0 7593 31880 105 0 100 0.0 1
110 0 87 13 0 7593 31880 110 0 100 0.0 2
115 0 89 11 0 7593 31880 115 0 100 0.0 5
120 0 94 6 0 7593 31880 120 0 100 0.0 2
125 0 94 6 0 7593 31880 125 0 100 0.0 0
130 0 90 10 0 7593 31880 130 0 100 0.0 3
135 0 93 7 0 7593 31880 135 0 100 0.0 5
140 0 87 13 0 7593 31880 140 0 100 0.0 5
145 0 87 13 0 7593 31880 145 0 100 0.0 4
150 0 88 12 0 7593 31880 150 0 100 0.0 1
155 0 89 11 0 7593 31880 155 0 100 0.0 0
160 0 90 10 0 7593 31880 160 0 100 0.0 3
165 0 89 11 0 7593 31880 165 0 100 0.0 5
170 0 92 8 0 7593 31880 170 0 100 0.0 2
175 0 91 9 0 7593 31880 175 0 100 0.0 1
180 0 88 12 1 7593 31880 180 0 100 0.0 7
185 0 95 5 0 7593 31880 185 0 100 0.0 1
190 0 93 7 1 7593 31880 190 0 100 0.0 2
195 0 91 9 0 7593 31880 195 0 100 0.0 0
200 0 95 5 0 7593 31880 200 0 100 0.0 3
205 0 97 3 1 7593 31880 205 0 100 0.0 5
210 0 93 7 0 7593 31880 210 0 100 0.0 4
215 0 88 12 0 7593 31880 215 0 100 0.0 9
220 0 89 11 0 7593 31880 220 0 100 0.0 2
225 0 88 12 0 7593 31880 225 0 100 0.0 5
230 0 90 10 0 7593 31880 230 0 100 0.0 0
235 0 94 6 0 7593 31880 235 0 100 0.0 1
240 0 92 8 1 7593 31880 240 0 100 0.0 3
245 0 94 6 0 7593 31880 245 0 100 0.0 1
250 0 91 9 0 7593 31880 250 0 100 0.0 3
255 0 91 9 0 7593 31880 255 0 100 0.0 3
260 0 90 10 0 7593 31880 260 0 100 0.0 5
265 0 89 11 0 7593 31880 265 0 100 0.0 4
270 0 87 13 0 7593 31880 270 0 100 0.0 8
275 0 90 10 0 7593 31880 275 0 100 0.0 3
280 0 87 13 0 7593 31880 280 0 100 0.0 2
285 0 90 10 0 7593 31880 285 0 100 0.0 1
290 0 92 8 0 7593 31880 290 0 100 0.0 3
295 0 84 16 0 7593 31880 295 0 100 0.0 3
300 0 91 9 0 7593 31880 300 0 100 0.0 3
305 0 90 10 0 7593 31880 305 0 100 0.0 2
310 0 89 11 0 7593 31880 310 0 100 0.0 6
315 0 90 10 0 7593 31880 315 0 100 0.0 2
320 0 89 11 0 7593 31880 320 0 100 0.0 3
325 0 90 10 2 7593 31880 325 0 100 0.0 0
330 0 91 9 0 7593 31880 330 0 100 0.0 4
335 0 93 7 0 7593 31880 335 0 100 0.0 2
340 0 87 13 0 7593 31880 340 0 100 0.0 6
345 0 90 10 0 7593 31880 345 0 100 0.0 6
350 0 95 5 0 7593 31880 350 0 100 0.0 1
355 0 96 4 0 7593 31880 355 0 100 0.0 1
360 0 92 8 0 7593 31880 360 0 100 0.0 3
365 0 91 9 0 7593 31880 365 0 100 0.0 2
370 0 89 11 1 7593 31880 370 0 100 0.0 3
375 0 89 11 0 7593 31880 375 0 100 0.0 3
380 0 87 13 1 7593 31880 380 0 100 0.0 5
385 0 85 15 0 7593 31880 385 0 100 0.0 1
390 0 87 13 0 7593 31880 390 0 100 0.0 6
395 0 92 8 0 7593 31880 395 0 100 0.0 0
400 0 93 7 0 7593 31880 400 0 100 0.0 3
405 0 89 11 0 7593 31880 405 0 100 0.0 5
410 0 90 10 0 7593 31880 410 0 100 0.0 1
415 0 92 8 0 7593 31880 415 0 100 0.0 4
420 0 91 9 0 7593 31880 420 0 100 0.0 1
425 0 89 11 0 7593 31880 425 0 100 0.0 6
430 0 90 10 0 7593 31880 430 0 100 0.0 0
435 0 89 11 0 7593 31880 435 0 100 0.0 1
440 0 93 7 0 7593 31880 440 0 100 0.0 0
445 0 92 8 0 7593 31880 445 0 100 0.0 1
450 0 95 5 0 7593 31880 450 0 100 0.0 5
455 0 93 7 0 7593 31880 455 0 100 0.0 6
460 0 91 9 0 7593 31880 460 0 100 0.0 4
465 0 92 8 0 7593 31880 465 0 100 0.0 0
470 0 90 10 0 7593 31880 470 0 100 0.0 2
475 0 90 10 1 7593 31880 475 0 100 0.0 2
480 0 90 10 0 7593 31880 480 0 100 0.0 2
485 0 90 10 0 7593 31880 485 0 100 0.0 2
490 0 90 10 0 7593 31880 490 0 100 0.0 4
495 0 92 8 0 7593 31880 495 0 100 0.0 2
500 0 91 9 1 7593 31880 500 0 100 0.0 0
505 76 99 1 1 7593 31880 505 53 100 0.0 3
510 96 92 8 0 7593 31880 510 77 100 0.0 0
515 97 94 6 0 7593 31880 515 78 100 0.0 0
520 96 92 8 0 7593 31880 520 74 100 0.0 0
525 97 94 6 0 7593 31880 525 65 100 0.0 0
530 95 97 3 0 7593 31880 530 69 100 0.0 0
535 94 94 6 0 7593 31880 535 61 100 0.0 1
540 95 94 6 0 7593 31880 540 58 100 0.0 0
545 95 96 4 0 7593 31880 545 48 100 0.0 0
550 95 94 6 0 7593 31880 550 42 100 0.0 0
555 96 94 6 1 7593 31880 555 38 100 0.0 0
560 95 94 6 0 7593 31880 560 35 100 0.0 4
565 94 92 8 0 7593 31880 565 32 100 0.0 3
570 97 96 4 0 7593 31880 570 30 100 0.0 0
575 96 94 6 0 7593 31880 575 28 100 0.0 4
580 91 95 5 0 7593 31880 580 29 100 0.0 0
585 91 93 7 1 7593 31880 585 25 100 0.0 2
590 88 98 2 0 7593 31880 590 23 100 0.0 0
595 86 92 8 0 7593 31880 595 19 100 0.0 2
600 84 93 7 0 7593 31880 600 15 100 0.0 1
605 84 95 5 0 7593 31880 605 16 100 0.0 5
610 83 94 6 0 7593 31880 610 13 100 0.0 3
615 83 92 8 0 7593 31880 615 10 100 0.0 0
620 79 96 4 0 7593 31880 620 9 100 0.0 1
625 81 96 4 0 7593 31880 625 7 100 0.0 3
630 78 96 4 0 7593 31880 630 7 100 0.0 1
635 76 95 5 0 7593 31880 635 6 100 0.0 0
640 75 96 4 0 7593 31880 640 5 100 0.0 0
645 76 96 4 0 7593 31880 645 5 100 0.0 3
650 73 95 5 0 7593 31880 650 4 100 0.0 3
655 75 93 7 0 7593 31880 655 3 100 0.0 2
660 73 91 9 0 7593 31880 660 2 100 0.0 1
665 70 92 8 0 7593 31880 665 2 100 0.0 5
670 72 94 6 0 7593 31880 670 2 100 0.0 1
675 70 92 8 0 7593 31880 675 2 100 0.0 0
680 67 93 7 0 7593 31880 680 2 100 0.0 4
685 64 90 10 0 7593 31880 685 2 100 0.0 2
690 63 86 14 0 7593 31880 690 2 100 0.0 3
695 62 91 9 0 7593 31880 695 2 100 0.0 3
700 58 92 8 0 7593 31880 700 2 100 0.0 2
705 59 93 7 0 7593 31880 705 2 100 0.0 0
710 60 92 8 0 7593 31880 710 2 100 0.0 1
715 58 94 6 0 7593 31880 715 2 100 0.0 2
720 56 95 5 0 7593 31880 720 2 100 0.0 4
725 56 92 8 0 7593 31880 725 2 100 0.0 1
730 55 93 7 0 7593 31880 730 2 100 0.0 4
735 55 92 8 0 7593 31880 735 2 100 0.0 4
740 53 90 10 0 7593 31880 740 1 100 0.0 1
745 49 91 9 0 7593 31880 745 0 100 0.0 5
750 51 90 10 0 7593 31880 750 0 100 0.0 3
755 51 95 5 0 7593 31880 755 0 100 0.0 1
760 48 96 4 0 7593 31880 760 0 100 0.0 4
765 47 94 6 0 7593 31880 765 0 100 0.0 3
770 46 91 9 0 7593 31880 770 0 100 0.0 3
775 41 96 4 0 7593 31880 775 0 100 0.0 3
780 42 95 5 1 7593 31880 780 0 100 0.0 3
785 42 95 5 0 7593 31880 785 0 100 0.0 2
790 40 92 8 0 7593 31880 790 0 100 0.0 5
795 40 92 8 0 7593 31880 795 0 100 0.0 1
800 41 94 6 0 7593 31880 800 0 100 0.0 2
805 40 93 7 0 7593 31880 805 0 100 0.0 4
810 39 90 10 1 7593 31880 810 0 100 0.0 3
815 36 93 7 0 7593 31880 815 0 100 0.0 4
820 35 96 4 0 7593 31880 820 0 100 0.0 3
825 35 97 3 0 7593 31880 825 0 100 0.0 2
830 35 91 9 0 7593 31880 830 0 100 0.0 4
835 33 91 9 0 7593 31880 835 0 100 0.0 1
840 33 91 9 0 7593 31880 840 0 100 0.0 1
845 31 92 8 0 7593 31880 845 0 100 0.0 1
850 30 94 6 0 7593 31880 850 0 100 0.0 6
855 28 95 5 0 7593 31880 855 0 100 0.0 1
860 26 94 6 0 7593 31880 860 0 100 0.0 9
865 25 95 5 0 7593 31880 865 0 100 0.0 4
870 25 94 6 0 7593 31880 870 0 100 0.0 4
875 26 88 12 0 7593 31880 875 0 100 0.0 9
880 24 92 8 0 7593 31880 880 0 100 0.0 3
885 23 89 11 0 7593 31880 885 0 100 0.0 3
890 20 92 8 0 7593 31880 890 0 100 0.0 5
895 22 92 8 0 7593 31880 895 0 100 0.0 1
900 23 95 5 0 7593 31880 900 0 100 0.0 2
905 21 96 4 0 7593 31880 905 0 100 0.0 6
910 21 95 5 0 7593 31880 910 0 100 0.0 4
915 21 94 6 0 7593 31880 915 0 100 0.0 2
920 21 90 10 0 7593 31880 920 0 100 0.0 0
925 20 89 11 0 7593 31880 925 0 100 0.0 5
930 20 88 12 0 7593 31880 930 0 100 0.0 1
935 20 89 11 1 7593 31880 935 0 100 0.0 2
940 21 92 8 2 7593 31880 940 0 100 0.0 6
945 20 94 6 0 7593 31880 945 0 100 0.0 4
950 20 88 12 0 7593 31880 950 0 100 0.0 7
955 20 91 9 0 7593 31880 955 0 100 0.0 1
960 18 91 9 0 7593 31880 960 0 100 0.0 0
965 18 90 10 0 7593 31880 965 0 100 0.0 1
970 17 90 10 0 7593 31880 970 0 100 0.0 3
975 16 91 9 0 7593 31880 975 0 100 0.0 1
980 14 89 11 0 7593 31880 980 0 100 0.0 1
985 14 93 7 0 7593 31880 985 0 100 0.0 1
990 13 94 6 0 7593 31880 990 0 100 0.0 0
995 13 91 9 0 7593 31880 995 0 100 0.0 6
1000 11 93 7 0 7593 31880 1000 0 100 0.0 1
1005 81 95 5 1 7593 31880 1005 62 100 0.0 4
1010 97 97 3 0 7593 31880 1010 71 100 0.0 4
1015 99 93 7 0 7593 31880 1015 72 100 0.0 0
1020 98 93 7 0 7593 31880 1020 74 100 0.0 0
1025 97 93 7 0 7593 31880 1025 71 100 0.0 0
1030 96 94 6 0 7593 31880 1030 59 100 0.0 0
1035 95 97 3 0 7593 31880 1035 63 100 0.0 1
1040 94 94 6 0 7593 31880 1040 55 100 0.0 1
1045 95 95 5 0 7593 31880 1045 57 100 0.0 1
1050 95 94 6 0 7593 31880 1050 47 100 0.0 1
1055 94 93 7 0 7593 31880 1055 41 100 0.0 2
1060 92 95 5 0 7593 31880 1060 40 100 0.0 0
1065 92 96 4 1 7593 31880 1065 33 100 0.0 2
1070 91 94 6 0 7593 31880 1070 26 100 0.0 2
1075 93 94 6 0 7593 31880 1075 19 100 0.0 2
1080 92 92 8 0 7593 31880 1080 17 100 0.0 3
1085 93 97 3 0 7593 31880 1085 16 100 0.0 0
1090 92 95 5 0 7593 31880 1090 14 100 0.0 3
1095 92 93 7 0 7593 31880 1095 11 100 0.0 6
1100 91 91 9 0 7593 31880 1100 12 100 0.0 2
1105 92 91 9 0 7593 31880 1105 10 100 0.0 2
1110 91 94 6 0 7593 31880 1110 10 100 0.0 0
1115 89 90 10 0 7593 31880 1115 8 100 0.0 0
1120 89 92 8 0 7593 31880 1120 6 100 0.0 1
1125 88 92 8 0 7593 31880 1125 7 100 0.0 1
1130 89 94 6 0 7593 31880 1130 7 100 0.0 0
1135 88 93 7 0 7593 31880 1135 6 100 0.0 1
1140 89 93 7 0 7593 31880 1140 4 100 0.0 4
1145 88 94 6 0 7593 31880 1145 3 100 0.0 7
1150 80 96 4 0 7593 31880 1150 3 100 0.0 5
1155 82 96 4 0 7593 31880 1155 3 100 0.0 1
1160 83 94 6 0 7593 31880 1160 3 100 0.0 2
1165 80 96 4 0 7593 31880 1165 2 100 0.0 3
1170 80 92 8 0 7593 31880 1170 3 100 0.0 0
1175 81 89 11 0 7593 31880 1175 3 100 0.0 3
1180 83 89 11 0 7593 31880 1180 1 100 0.0 3
1185 81 87 13 0 7593 31880 1185 0 100 0.0 3
1190 78 90 10 0 7593 31880 1190 0 100 0.0 4
1195 76 93 7 0 7593 31880 1195 0 100 0.0 2
1200 77 95 5 0 7593 31880 1200 0 100 0.0 6
1205 74 94 6 0 7593 31880 1205 0 100 0.0 2
1210 72 95 5 0 7593 31880 1210 0 100 0.0 1
1215 72 93 7 0 7593 31880 1215 0 100 0.0 0
1220 69 95 5 0 7593 31880 1220 0 100 0.0 2
1225 68 95 5 0 7593 31880 1225 0 100 0.0 7
1230 66 94 6 0 7593 31880 1230 0 100 0.0 0
1235 66 93 7 0 7593 31880 1235 0 100 0.0 3
1240 65 93 7 0 7593 31880 1240 0 100 0.0 1
1245 65 93 7 0 7593 31880 1245 0 100 0.0 5
1250 62 95 5 0 7593 31880 1250 0 100 0.0 2
1255 60 93 7 0 7593 31880 1255 0 100 0.0 3
1260 60 96 4 1 7593 31880 1260 0 100 0.0 2
1265 59 94 6 0 7593 31880 1265 0 100 0.0 5
1270 59 93 7 0 7593 31880 1270 0 100 0.0 2
1275 58 97 3 0 7593 31880 1275 0 100 0.0 2
1280 58 91 9 0 7593 31880 1280 0 100 0.0 4
1285 57 95 5 0 7593 31880 1285 0 100 0.0 0
1290 54 98 2 0 7593 31880 1290 0 100 0.0 6
1295 53 95 5 0 7593 31880 1295 0 100 0.0 0
1300 52 96 4 0 7593 31880 1300 0 100 0.0 3
1305 53 93 7 0 7593 31880 1305 0 100 0.0 2
1310 50 92 8 0 7593 31880 1310 0 100 0.0 3
1315 46 92 8 0 7593 31880 1315 0 100 0.0 2
1320 45 94 6 0 7593 31880 1320 0 100 0.0 6
1325 44 95 5 0 7593 31880 1325 0 100 0.0 2
1330 44 94 6 0 7593 31880 1330 0 100 0.0 4
1335 40 94 6 0 7593 31880 1335 0 100 0.0 2
1340 40 87 13 0 7593 31880 1340 0 100 0.0 1
1345 40 90 10 0 7593 31880 1345 0 100 0.0 2
1350 39 95 5 0 7593 31880 1350 0 100 0.0 3
1355 38 96 4 0 7593 31880 1355 0 100 0.0 9
1360 40 94 6 0 7593 31880 1360 0 100 0.0 2
1365 41 92 8 0 7593 31880 1365 0 100 0.0 5
1370 41 89 11 0 7593 31880 1370 0 100 0.0 6
1375 39 94 6 0 7593 31880 1375 0 100 0.0 4
1380 39 92 8 0 7593 31880 1380 0 100 0.0 3
1385 39 91 9 1 7593 31880 1385 0 100 0.0 5
1390 38 93 7 0 7593 31880 1390 0 100 0.0 6
1395 39 96 4 0 7593 31880 1395 0 100 0.0 0
1400 36 93 7 0 7593 31880 1400 0 100 0.0 0
1405 36 93 7 0 7593 31880 1405 0 100 0.0 1
1410 35 89 11 0 7593 31880 1410 0 100 0.0 2
1415 33 94 6 0 7593 31880 1415 0 100 0.0 3
1420 32 92 8 0 7593 31880 1420 0 100 0.0 0
1425 33 92 8 0 7593 31880 1425 0 100 0.0 2
1430 32 91 9 0 7593 31880 1430 0 100 0.0 3
1435 31 91 9 0 7593 31880 1435 0 100 0.0 6
1440 31 92 8 0 7593 31880 1440 0 100 0.0 1
1445 31 93 7 0 7593 31880 1445 0 100 0.0 3
1450 30 91 9 0 7593 31880 1450 0 100 0.0 4
1455 30 91 9 0 7593 31880 1455 0 100 0.0 3
1460 29 92 8 0 7593 31880 1460 0 100 0.0 3
1465 29 95 5 0 7593 31880 1465 0 100 0.0 0
1470 28 95 5 0 7593 31880 1470 0 100 0.0 0
1475 27 92 8 0 7593 31880 1475 0 100 0.0 4
1480 27 94 6 0 7593 31880 1480 0 100 0.0 2
1485 24 95 5 0 7593 31880 1485 0 100 0.0 1
1490 22 96 4 0 7593 31880 1490 0 100 0.0 1
1495 21 90 10 0 7593 31880 1495 0 100 0.0 2
1500 18 91 9 0 7593 31880 1500 0 100 0.0 1
1505 77 93 7 2 7593 31880 1505 68 100 0.0 1
1510 97 93 7 0 7593 31880 1510 83 100 0.0 0
1515 96 95 5 0 7593 31880 1515 83 100 0.0 1
1520 93 94 6 0 7593 31880 1520 79 100 0.0 0
1525 96 94 6 0 7593 31880 1525 69 100 0.0 1
1530 96 96 4 0 7593 31880 1530 63 100 0.0 1
1535 95 96 4 0 7593 31880 1535 59 100 0.0 0
1540 94 93 7 0 7593 31880 1540 54 100 0.0 2
1545 92 94 6 1 7593 31880 1545 48 100 0.0 1
1550 93 97 3 0 7593 31880 1550 44 100 0.0 0
1555 93 94 6 0 7593 31880 1555 41 100 0.0 7
1560 90 94 6 0 7593 31880 1560 35 100 0.0 0
1565 91 95 5 0 7593 31880 1565 28 100 0.0 1
1570 92 98 2 0 7593 31880 1570 24 100 0.0 1
1575 91 94 6 0 7593 31880 1575 25 100 0.0 1
1580 87 96 4 0 7593 31880 1580 21 100 0.0 5
1585 86 98 2 0 7593 31880 1585 18 100 0.0 6
1590 85 95 5 0 7593 31880 1590 13 100 0.0 2
1595 86 94 6 0 7593 31880 1595 9 100 0.0 2
1600 83 91 9 0 7593 31880 1600 8 100 0.0 3
1605 79 96 4 0 7593 31880 1605 9 100 0.0 2
1610 80 95 5 0 7593 31880 1610 7 100 0.0 1
1615 80 99 1 0 7593 31880 1615 5 100 0.0 0
1620 79 97 3 0 7593 31880 1620 6 100 0.0 4
1625 78 95 5 0 7593 31880 1625 6 100 0.0 0
1630 76 97 3 0 7593 31880 1630 3 100 0.0 2
1635 77 95 5 0 7593 31880 1635 1 100 0.0 3
1640 75 97 3 0 7593 31880 1640 1 100 0.0 0
1645 73 95 5 0 7593 31880 1645 1 100 0.0 3
1650 73 91 9 0 7593 31880 1650 0 100 0.0 1
1655 72 93 7 0 7593 31880 1655 0 100 0.0 4
1660 70 90 10 0 7593 31880 1660 0 100 0.0 3
1665 69 91 9 0 7593 31880 1665 0 100 0.0 0
1670 69 97 3 0 7593 31880 1670 0 100 0.0 0
1675 69 96 4 0 7593 31880 1675 0 100 0.0 3
1680 70 96 4 0 7593 31880 1680 0 100 0.0 2
1685 67 91 9 0 7593 31880 1685 0 100 0.0 4
1690 66 92 8 0 7593 31880 1690 0 100 0.0 3
1695 62 94 6 0 7593 31880 1695 0 100 0.0 2
1700 62 89 11 0 7593 31880 1700 0 100 0.0 6
1705 62 96 4 0 7593 31880 1705 0 100 0.0 7
1710 61 92 8 0 7593 31880 1710 0 100 0.0 4
1715 59 92 8 0 7593 31880 1715 0 100 0.0 5
1720 56 92 8 1 7593 31880 1720 0 100 0.0 2
1725 57 90 10 0 7593 31880 1725 0 100 0.0 3
1730 56 94 6 0 7593 31880 1730 0 100 0.0 6
1735 54 95 5 0 7593 31880 1735 0 100 0.0 2
1740 50 96 4 0 7593 31880 1740 0 100 0.0 6
1745 49 95 5 0 7593 31880 1745 0 100 0.0 2
1750 47 93 7 0 7593 31880 1750 0 100 0.0 3
1755 48 98 2 1 7593 31880 1755 0 100 0.0 4
1760 48 94 6 0 7593 31880 1760 0 100 0.0 4
1765 45 98 2 0 7593 31880 1765 0 100 0.0 4
1770 43 97 3 0 7593 31880 1770 0 100 0.0 0
1775 41 98 2 0 7593 31880 1775 0 100 0.0 4
1780 41 97 3 0 7593 31880 1780 0 100 0.0 0
1785 39 95 5 0 7593 31880 1785 0 100 0.0 7
1790 39 94 6 0 7593 31880 1790 0 100 0.0 2
1795 39 90 10 0 7593 31880 1795 0 100 0.0 1
1800 38 94 6 0 7593 31880 1800 0 100 0.0 2
1805 38 94 6 0 7593 31880 1805 0 100 0.0 0
1810 36 96 4 0 7593 31880 1810 0 100 0.0 3
1815 35 97 3 0 7593 31880 1815 0 100 0.0 1
1820 35 94 6 0 7593 31880 1820 0 100 0.0 1
1825 34 98 2 0 7593 31880 1825 0 100 0.0 4
1830 34 98 2 0 7593 31880 1830 0 100 0.0 1
1835 32 95 5 0 7593 31880 1835 0 100 0.0 4
1840 29 91 9 0 7593 31880 1840 0 100 0.0 1
1845 29 92 8 0 7593 31880 1845 0 100 0.0 0
1850 27 92 8 0 7593 31880 1850 0 100 0.0 1
1855 26 92 8 0 7593 31880 1855 0 100 0.0 1
1860 26 92 8 0 7593 31880 1860 0 100 0.0 2
1865 26 94 6 0 7593 31880 1865 0 100 0.0 2
1870 24 96 4 1 7593 31880 1870 0 100 0.0 1
1875 22 94 6 0 7593 31880 1875 0 100 0.0 7
1880 20 89 11 0 7593 31880 1880 0 100 0.0 5
1885 19 89 11 0 7593 31880 1885 0 100 0.0 3
1890 19 88 12 0 7593 31880 1890 0 100 0.0 1
1895 19 90 10 0 7593 31880 1895 0 100 0.0 3
1900 19 87 13 0 7593 31880 1900 0 100 0.0 1
1905 17 92 8 0 7593 31880 1905 0 100 0.0 2
1910 17 94 6 0 7593 31880 1910 0 100 0.0 0
1915 16 92 8 0 7593 31880 1915 0 100 0.0 6
1920 17 94 6 0 7593 31880 1920 0 100 0.0 0
1925 16 94 6 0 7593 31880 1925 0 100 0.0 3
1930 16 94 6 0 7593 31880 1930 0 100 0.0 5
1935 14 94 6 0 7593 31880 1935 0 100 0.0 2
1940 16 95 5 0 7593 31880 1940 0 100 0.0 4
1945 15 93 7 0 7593 31880 1945 0 100 0.0 3
1950 14 90 10 1 7593 31880 1950 0 100 0.0 6
1955 14 86 14 0 7593 31880 1955 0 100 0.0 3
1960 14 89 11 0 7593 31880 1960 0 100 0.0 2
1965 15 91 9 0 7593 31880 1965 0 100 0.0 5
1970 16 91 9 0 7593 31880 1970 0 100 0.0 0
1975 14 90 10 1 7593 31880 1975 0 100 0.0 5
1980 14 87 13 0 7593 31880 1980 0 100 0.0 8
1985 12 90 10 0 7593 31880 1985 0 100 0.0 7
1990 12 92 8 0 7593 31880 1990 0 100 0.0 5
1995 11 88 12 0 7593 31880 1995 0 100 0.0 0
2000 11 88 12 0 7593 31880 2000 0 100 0.0 2
2005 80 92 8 2 7593 31880 2005 66 100 0.0 12
2010 97 90 10 0 7593 31880 2010 68 100 0.0 0
2015 96 90 10 0 7593 31880 2015 70 100 0.0 1
2020 96 95 5 0 7593 31880 2020 65 100 0.0 1
2025 93 97 3 1 7593 31880 2025 66 100 0.0 1
2030 93 94 6 0 7593 31880 2030 64 100 0.0 1
2035 96 95 5 0 7593 31880 2035 61 100 0.0 0
2040 93 95 5 0 7593 31880 2040 63 100 0.0 1
2045 93 92 8 0 7593 31880 2045 56 100 0.0 2
2050 93 95 5 0 7593 31880 2050 49 100 0.0 1
2055 93 98 2 0 7593 31880 2055 43 100 0.0 0
2060 91 96 4 0 7593 31880 2060 42 100 0.0 0
2065 89 94 6 0 7593 31880 2065 40 100 0.0 1
2070 90 95 5 0 7593 31880 2070 40 100 0.0 0
2075 89 95 5 0 7593 31880 2075 36 100 0.0 2
2080 88 98 2 0 7593 31880 2080 32 100 0.0 1
2085 88 96 4 0 7593 31880 2085 29 100 0.0 2
2090 86 92 8 0 7593 31880 2090 27 100 0.0 1
2095 81 95 5 0 7593 31880 2095 26 100 0.0 3
2100 83 95 5 0 7593 31880 2100 22 100 0.0 2
2105 80 96 4 0 7593 31880 2105 18 100 0.0 0
2110 81 96 4 0 7593 31880 2110 15 100 0.0 1
2115 81 94 6 1 7593 31880 2115 14 100 0.0 6
2120 79 95 5 0 7593 31880 2120 13 100 0.0 1
2125 78 92 8 0 7593 31880 2125 10 100 0.0 2
2130 79 95 5 0 7593 31880 2130 9 100 0.0 2
2135 79 95 5 0 7593 31880 2135 7 100 0.0 4
2140 80 93 7 0 7593 31880 2140 7 100 0.0 5
2145 81 91 9 0 7593 31880 2145 2 100 0.0 2
2150 78 96 4 0 7593 31880 2150 2 100 0.0 1
2155 77 92 8 0 7593 31880 2155 2 100 0.0 1
2160 75 96 4 0 7593 31880 2160 0 100 0.0 5
2165 76 94 6 0 7593 31880 2165 0 100 0.0 0
2170 72 95 5 0 7593 31880 2170 0 100 0.0 3
2175 70 96 4 0 7593 31880 2175 0 100 0.0 2
2180 67 94 6 0 7593 31880 2180 0 100 0.0 1
2185 63 92 8 0 7593 31880 2185 0 100 0.0 2
2190 62 93 7 0 7593 31880 2190 0 100 0.0 3
2195 62 94 6 0 7593 31880 2195 0 100 0.0 4
2200 64 93 7 0 7593 31880 2200 0 100 0.0 3
2205 63 94 6 0 7593 31880 2205 0 100 0.0 0
2210 62 95 5 0 7593 31880 2210 0 100 0.0 7
2215 60 98 2 0 7593 31880 2215 0 100 0.0 0
2220 59 98 2 0 7593 31880 2220 0 100 0.0 1
2225 59 91 9 0 7593 31880 2225 0 100 0.0 3
2230 59 92 8 0 7593 31880 2230 0 100 0.0 4
2235 59 93 7 0 7593 31880 2235 0 100 0.0 6
2240 58 93 7 0 7593 31880 2240 0 100 0.0 1
2245 59 94 6 0 7593 31880 2245 0 100 0.0 2
2250 57 94 6 1 7593 31880 2250 0 100 0.0 3
2255 55 93 7 0 7593 31880 2255 0 100 0.0 1
2260 52 92 8 0 7593 31880 2260 0 100 0.0 1
2265 51 93 7 0 7593 31880 2265 0 100 0.0 4
2270 50 93 7 0 7593 31880 2270 0 100 0.0 5
2275 49 92 8 0 7593 31880 2275 0 100 0.0 1
2280 49 91 9 0 7593 31880 2280 0 100 0.0 1
2285 46 90 10 0 7593 31880 2285 0 100 0.0 6
2290 47 94 6 0 7593 31880 2290 0 100 0.0 3
2295 47 95 5 0 7593 31880 2295 0 100 0.0 0
2300 44 96 4 0 7593 31880 2300 0 100 0.0 4
2305 44 93 7 0 7593 31880 2305 0 100 0.0 3
2310 42 94 6 0 7593 31880 2310 0 100 0.0 0
2315 40 96 4 0 7593 31880 2315 0 100 0.0 1
2320 38 96 4 0 7593 31880 2320 0 100 0.0 5
2325 38 94 6 0 7593 31880 2325 0 100 0.0 7
2330 36 96 4 0 7593 31880 2330 0 100 0.0 5
2335 34 94 6 0 7593 31880 2335 0 100 0.0 1
2340 32 93 7 0 7593 31880 2340 0 100 0.0 5
2345 32 92 8 0 7593 31880 2345 0 100 0.0 2
2350 33 89 11 1 7593 31880 2350 0 100 0.0 1
2355 34 92 8 0 7593 31880 2355 0 100 0.0 1
2360 31 90 10 0 7593 31880 2360 0 100 0.0 3
2365 29 89 11 0 7593 31880 2365 0 100 0.0 5
2370 28 87 13 0 7593 31880 2370 0 100 0.0 3
2375 23 90 10 0 7593 31880 2375 0 100 0.0 1
2380 21 94 6 0 7593 31880 2380 0 100 0.0 3
2385 21 94 6 0 7593 31880 2385 0 100 0.0 2
2390 19 93 7 0 7593 31880 2390 0 100 0.0 2
2395 18 93 7 0 7593 31880 2395 0 100 0.0 3
2400 19 97 3 0 7593 31880 2400 0 100 0.0 2
2405 19 97 3 0 7593 31880 2405 0 100 0.0 2
2410 18 93 7 0 7593 31880 2410 0 100 0.0 5
2415 17 87 13 0 7593 31880 2415 0 100 0.0 6
2420 19 90 10 0 7593 31880 2420 0 100 0.0 2
2425 14 92 8 0 7593 31880 2425 0 100 0.0 3
2430 15 91 9 0 7593 31880 2430 0 100 0.0 5
2435 14 90 10 0 7593 31880 2435 0 100 0.0 2
2440 14 89 11 0 7593 31880 2440 0 100 0.0 4
2445 13 93 7 0 7593 31880 2445 0 100 0.0 6
2450 12 92 8 0 7593 31880 2450 0 100 0.0 2
2455 12 93 7 0 7593 31880 2455 0 100 0.0 0
2460 12 94 6 0 7593 31880 2460 0 100 0.0 7
2465 11 91 9 0 7593 31880 2465 0 100 0.0 1
2470 12 91 9 0 7593 31880 2470 0 100 0.0 4
2475 12 91 9 0 7593 31880 2475 0 100 0.0 4
2480 11 91 9 0 7593 31880 2480 0 100 0.0 3
2485 10 90 10 0 7593 31880 2485 0 100 0.0 6
2490 10 90 10 1 7593 31880 2490 0 100 0.0 1
2495 11 90 10 0 7593 31880 2495 0 100 0.0 2
2500 10 87 13 0 7593 31880 2500 0 100 0.0 1
2505 67 92 8 4 7593 31880 2505 64 100 0.0 1
2510 89 92 8 0 7593 31880 2510 77 100 0.0 0
2515 91 92 8 0 7593 31880 2515 83 100 0.0 1
2520 90 93 7 0 7593 31880 2520 72 100 0.0 0
2525 88 93 7 0 7593 31880 2525 72 100 0.0 0
2530 88 93 7 0 7593 31880 2530 67 100 0.0 1
2535 90 93 7 0 7593 31880 2535 60 100 0.0 0
2540 89 92 8 0 7593 31880 2540 59 100 0.0 1
2545 88 91 9 0 7593 31880 2545 49 100 0.0 6
2550 88 95 5 0 7593 31880 2550 37 100 0.0 1
2555 85 92 8 0 7593 31880 2555 35 100 0.0 1
2560 85 93 7 1 7593 31880 2560 29 100 0.0 2
2565 86 91 9 0 7593 31880 2565 28 100 0.0 2
2570 87 92 8 0 7593 31880 2570 24 100 0.0 0
2575 86 94 6 0 7593 31880 2575 24 100 0.0 2
2580 83 94 6 0 7593 31880 2580 25 100 0.0 2
2585 83 96 4 0 7593 31880 2585 22 100 0.0 5
2590 85 95 5 0 7593 31880 2590 15 100 0.0 2
2595 84 95 5 0 7593 31880 2595 10 100 0.0 0
2600 82 93 7 0 7593 31880 2600 7 100 0.0 4
2605 81 92 8 0 7593 31880 2605 4 100 0.0 5
2610 76 93 7 0 7593 31880 2610 4 100 0.0 1
2615 79 92 8 0 7593 31880 2615 2 100 0.0 2
2620 79 93 7 0 7593 31880 2620 0 100 0.0 2
2625 75 95 5 0 7593 31880 2625 0 100 0.0 3
2630 76 94 6 0 7593 31880 2630 0 100 0.0 2
2635 74 95 5 0 7593 31880 2635 0 100 0.0 0
2640 73 91 9 0 7593 31880 2640 0 100 0.0 0
2645 66 95 5 0 7593 31880 2645 0 100 0.0 4
2650 69 94 6 0 7593 31880 2650 0 100 0.0 2
2655 67 95 5 0 7593 31880 2655 0 100 0.0 3
2660 66 93 7 0 7593 31880 2660 0 100 0.0 2
2665 62 96 4 0 7593 31880 2665 0 100 0.0 4
2670 62 93 7 0 7593 31880 2670 0 100 0.0 1
2675 61 90 10 0 7593 31880 2675 0 100 0.0 2
2680 55 95 5 0 7593 31880 2680 0 100 0.0 2
2685 54 95 5 0 7593 31880 2685 0 100 0.0 0
2690 50 96 4 0 7593 31880 2690 0 100 0.0 2
2695 47 93 7 0 7593 31880 2695 0 100 0.0 10
2700 45 96 4 0 7593 31880 2700 0 100 0.0 1
2705 42 88 12 0 7593 31880 2705 0 100 0.0 2
2710 43 90 10 0 7593 31880 2710 0 100 0.0 5
2715 42 91 9 0 7593 31880 2715 0 100 0.0 3
2720 41 94 6 0 7593 31880 2720 0 100 0.0 3
2725 40 96 4 0 7593 31880 2725 0 100 0.0 4
2730 38 94 6 0 7593 31880 2730 0 100 0.0 7
2735 37 95 5 0 7593 31880 2735 0 100 0.0 2
2740 37 93 7 0 7593 31880 2740 0 100 0.0 9
2745 36 91 9 0 7593 31880 2745 0 100 0.0 3
2750 37 95 5 0 7593 31880 2750 0 100 0.0 2
2755 36 93 7 0 7593 31880 2755 0 100 0.0 0
2760 36 89 11 0 7593 31880 2760 0 100 0.0 4
2765 36 94 6 0 7593 31880 2765 0 100 0.0 0
2770 31 91 9 0 7593 31880 2770 0 100 0.0 2
2775 31 97 3 0 7593 31880 2775 0 100 0.0 1
2780 29 95 5 0 7593 31880 2780 0 100 0.0 1
2785 29 95 5 0 7593 31880 2785 0 100 0.0 1
2790 26 90 10 0 7593 31880 2790 0 100 0.0 3
2795 24 97 3 0 7593 31880 2795 0 100 0.0 0
2800 22 94 6 0 7593 31880 2800 0 100 0.0 2
2805 23 91 9 1 7593 31880 2805 0 100 0.0 1
2810 21 92 8 0 7593 31880 2810 0 100 0.0 2
2815 21 87 13 0 7593 31880 2815 0 100 0.0 7
2820 21 89 11 0 7593 31880 2820 0 100 0.0 1
2825 21 92 8 0 7593 31880 2825 0 100 0.0 3
2830 19 92 8 0 7593 31880 2830 0 100 0.0 5
2835 20 90 10 0 7593 31880 2835 0 100 0.0 7
2840 20 89 11 0 7593 31880 2840 0 100 0.0 2
2845 19 93 7 1 7593 31880 2845 0 100 0.0 1
2850 19 93 7 0 7593 31880 2850 0 100 0.0 4
2855 17 88 12 0 7593 31880 2855 0 100 0.0 5
2860 15 91 9 0 7593 31880 2860 0 100 0.0 3
2865 13 88 12 0 7593 31880 2865 0 100 0.0 2
2870 12 87 13 0 7593 31880 2870 0 100 0.0 8
2875 11 87 13 0 7593 31880 2875 0 100 0.0 0
2880 11 89 11 1 7593 31880 2880 0 100 0.0 4
2885 11 88 12 0 7593 31880 2885 0 100 0.0 1
2890 11 89 11 0 7593 31880 2890 0 100 0.0 4
2895 11 94 6 0 7593 31880 2895 0 100 0.0 1
2900 10 92 8 0 7593 31880 2900 0 100 0.0 2
2905 9 92 8 1 7593 31880 2905 0 100 0.0 1
2910 8 93 7 0 7593 31880 2910 0 100 0.0 2
2915 8 91 9 0 7593 31880 2915 0 100 0.0 3
2920 8 93 7 0 7593 31880 2920 0 100 0.0 2
2925 8 95 5 0 7593 31880 2925 0 100 0.0 0
2930 9 95 5 0 7593 31880 2930 0 100 0.0 5
2935 9 93 7 0 7593 31880 2935 0 100 0.0 3
2940 9 88 12 0 7593 31880 2940 0 100 0.0 1
2945 8 88 12 0 7593 31880 2945 0 100 0.0 5
2950 8 88 12 0 7593 31880 2950 0 100 0.0 2
2955 8 92 8 0 7593 31880 2955 0 100 0.0 3
2960 8 94 6 0 7593 31880 2960 0 100 0.0 1
2965 6 96 4 0 7593 31880 2965 0 100 0.0 6
2970 7 93 7 0 7593 31880 2970 0 100 0.0 0
2975 7 93 7 0 7593 31880 2975 0 100 0.0 3
2980 7 94 6 0 7593 31880 2980 0 100 0.0 0
2985 7 95 5 0 7593 31880 2985 0 100 0.0 4
2990 7 92 8 0 7593 31880 2990 0 100 0.0 0
2995 8 91 9 0 7593 31880 2995 0 100 0.0 4
3000 8 90 10 0 7593 31880 3000 0 100 0.0 3
3005 74 94 6 1 7593 31880 3005 62 100 0.0 4
3010 96 91 9 0 7593 31880 3010 69 100 0.0 1
3015 99 95 5 0 7593 31880 3015 69 100 0.0 0
3020 99 94 6 0 7593 31880 3020 61 100 0.0 0
3025 95 90 10 1 7593 31880 3025 63 100 0.0 0
3030 95 91 9 0 7593 31880 3030 63 100 0.0 0
3035 98 93 7 0 7593 31880 3035 61 100 0.0 0
3040 96 99 1 0 7593 31880 3040 58 100 0.0 1
3045 94 97 3 0 7593 31880 3045 54 100 0.0 0
3050 90 94 6 0 7593 31880 3050 51 100 0.0 0
3055 93 92 8 0 7593 31880 3055 42 100 0.0 6
3060 90 96 4 0 7593 31880 3060 34 100 0.0 0
3065 90 93 7 0 7593 31880 3065 28 100 0.0 0
3070 91 94 6 0 7593 31880 3070 23 100 0.0 1
3075 92 96 4 0 7593 31880 3075 21 100 0.0 0
3080 90 95 5 0 7593 31880 3080 19 100 0.0 4
3085 91 97 3 0 7593 31880 3085 19 100 0.0 1
3090 90 95 5 0 7593 31880 3090 14 100 0.0 5
3095 88 96 4 0 7593 31880 3095 14 100 0.0 4
3100 88 93 7 1 7593 31880 3100 11 100 0.0 2
3105 83 98 2 0 7593 31880 3105 10 100 0.0 0
3110 84 94 6 0 7593 31880 3110 6 100 0.0 6
3115 82 93 7 0 7593 31880 3115 7 100 0.0 0
3120 77 93 7 0 7593 31880 3120 6 100 0.0 0
3125 80 93 7 0 7593 31880 3125 6 100 0.0 0
3130 76 93 7 0 7593 31880 3130 6 100 0.0 2
3135 75 94 6 0 7593 31880 3135 3 100 0.0 3
3140 73 93 7 0 7593 31880 3140 3 100 0.0 4
3145 71 94 6 0 7593 31880 3145 3 100 0.0 3
3150 69 94 6 0 7593 31880 3150 1 100 0.0 1
3155 67 95 5 0 7593 31880 3155 1 100 0.0 1
3160 67 95 5 0 7593 31880 3160 1 100 0.0 3
3165 64 94 6 0 7593 31880 3165 1 100 0.0 2
3170 63 97 3 0 7593 31880 3170 1 100 0.0 3
3175 62 98 2 0 7593 31880 3175 1 100 0.0 0
3180 60 95 5 0 7593 31880 3180 0 100 0.0 3
3185 57 94 6 0 7593 31880 3185 0 100 0.0 0
3190 58 91 9 0 7593 31880 3190 0 100 0.0 1
3195 57 93 7 0 7593 31880 3195 0 100 0.0 9
3200 55 90 10 0 7593 31880 3200 0 100 0.0 4
3205 55 91 9 0 7593 31880 3205 0 100 0.0 3
3210 55 89 11 0 7593 31880 3210 0 100 0.0 4
3215 54 92 8 0 7593 31880 3215 0 100 0.0 3
3220 53 90 10 0 7593 31880 3220 0 100 0.0 5
3225 48 92 8 0 7593 31880 3225 0 100 0.0 3
3230 48 90 10 0 7593 31880 3230 0 100 0.0 3
3235 48 94 6 0 7593 31880 3235 0 100 0.0 1
3240 44 97 3 0 7593 31880 3240 0 100 0.0 1
3245 42 96 4 0 7593 31880 3245 0 100 0.0 2
3250 43 94 6 0 7593 31880 3250 0 100 0.0 2
3255 44 90 10 0 7593 31880 3255 0 100 0.0 0
3260 42 93 7 0 7593 31880 3260 0 100 0.0 4
3265 43 94 6 0 7593 31880 3265 0 100 0.0 0
3270 41 96 4 0 7593 31880 3270 0 100 0.0 6
3275 41 97 3 0 7593 31880 3275 0 100 0.0 4
3280 42 94 6 0 7593 31880 3280 0 100 0.0 2
3285 41 95 5 0 7593 31880 3285 0 100 0.0 2
3290 42 97 3 0 7593 31880 3290 0 100 0.0 1
3295 40 95 5 0 7593 31880 3295 0 100 0.0 3
3300 41 94 6 0 7593 31880 3300 0 100 0.0 1
3305 37 94 6 0 7593 31880 3305 0 100 0.0 0
3310 39 98 2 0 7593 31880 3310 0 100 0.0 1
3315 38 95 5 0 7593 31880 3315 0 100 0.0 2
3320 36 94 6 0 7593 31880 3320 0 100 0.0 0
3325 36 90 10 0 7593 31880 3325 0 100 0.0 3
3330 35 93 7 0 7593 31880 3330 0 100 0.0 3
3335 32 90 10 0 7593 31880 3335 0 100 0.0 1
3340 29 93 7 0 7593 31880 3340 0 100 0.0 1
3345 30 98 2 0 7593 31880 3345 0 100 0.0 1
3350 30 93 7 0 7593 31880 3350 0 100 0.0 6
3355 31 94 6 1 7593 31880 3355 0 100 0.0 1
3360 30 94 6 1 7593 31880 3360 0 100 0.0 3
3365 30 90 10 0 7593 31880 3365 0 100 0.0 0
3370 30 90 10 0 7593 31880 3370 0 100 0.0 0
3375 27 90 10 0 7593 31880 3375 0 100 0.0 2
3380 28 89 11 0 7593 31880 3380 0 100 0.0 1
3385 27 88 12 0 7593 31880 3385 0 100 0.0 1
3390 26 88 12 0 7593 31880 3390 0 100 0.0 1
3395 27 87 13 0 7593 31880 3395 0 100 0.0 2
3400 27 91 9 0 7593 31880 3400 0 100 0.0 3
3405 26 90 10 0 7593 31880 3405 0 100 0.0 1
3410 26 91 9 0 7593 31880 3410 0 100 0.0 2
3415 27 94 6 0 7593 31880 3415 0 100 0.0 0
3420 25 94 6 0 7593 31880 3420 0 100 0.0 1
3425 24 92 8 0 7593 31880 3425 0 100 0.0 4
3430 22 93 7 0 7593 31880 3430 0 100 0.0 7
3435 21 93 7 0 7593 31880 3435 0 100 0.0 2
3440 21 86 14 0 7593 31880 3440 0 100 0.0 1
3445 21 90 10 0 7593 31880 3445 0 100 0.0 1
3450 21 93 7 0 7593 31880 3450 0 100 0.0 5
3455 20 90 10 0 7593 31880 3455 0 100 0.0 1
3460 20 92 8 0 7593 31880 3460 0 100 0.0 2
3465 19 94 6 0 7593 31880 3465 0 100 0.0 5
3470 17 95 5 2 7593 31880 3470 0 100 0.0 3
3475 15 94 6 0 7593 31880 3475 0 100 0.0 2
3480 16 94 6 0 7593 31880 3480 0 100 0.0 4
3485 17 91 9 0 7593 31880 3485 0 100 0.0 3
3490 16 89 11 0 7593 31880 3490 0 100 0.0 5
3495 15 93 7 0 7593 31880 3495 0 100 0.0 0
3500 15 98 2 0 7593 31880 3500 0 100 0.0 5
3505 80 93 7 1 7593 31880 3505 51 100 0.0 4
3510 93 94 6 0 7593 31880 3510 66 100 0.0 1
3515 97 96 4 0 7593 31880 3515 62 100 0.0 0
3520 98 97 3 0 7593 31880 3520 58 100 0.0 0
3525 96 97 3 0 7593 31880 3525 57 100 0.0 1
3530 98 95 5 0 7593 31880 3530 49 100 0.0 0
3535 97 92 8 0 7593 31880 3535 40 100 0.0 1
3540 96 95 5 0 7593 31880 3540 37 100 0.0 1
3545 95 95 5 0 7593 31880 3545 33 100 0.0 1
3550 93 96 4 0 7593 31880 3550 26 100 0.0 1
3555 92 94 6 0 7593 31880 3555 25 100 0.0 1
3560 91 94 6 0 7593 31880 3560 23 100 0.0 1
3565 90 95 5 0 7593 31880 3565 23 100 0.0 3
3570 89 94 6 0 7593 31880 3570 16 100 0.0 0
3575 88 98 2 0 7593 31880 3575 13 100 0.0 2
3580 90 98 2 0 7593 31880 3580 11 100 0.0 0
3585 89 94 6 0 7593 31880 3585 10 100 0.0 1
3590 87 95 5 0 7593 31880 3590 10 100 0.0 0
3595 88 92 8 0 7593 31880 3595 9 100 0.0 1
3600 88 97 3 0 7593 31880 3600 8 100 0.0 2
3605 88 96 4 0 7593 31880 3605 8 100 0.0 3
3610 89 94 6 0 7593 31880 3610 7 100 0.0 1
3615 89 92 8 0 7593 31880 3615 7 100 0.0 1
3620 85 93 7 0 7593 31880 3620 6 100 0.0 1
3625 84 89 11 0 7593 31880 3625 7 100 0.0 2
3630 85 88 12 0 7593 31880 3630 7 100 0.0 4
3635 82 91 9 0 7593 31880 3635 5 100 0.0 1
3640 77 94 6 0 7593 31880 3640 5 100 0.0 4
3645 78 95 5 0 7593 31880 3645 0 100 0.0 4
3650 78 96 4 0 7593 31880 3650 1 100 0.0 0
3655 76 96 4 0 7593 31880 3655 1 100 0.0 2
3660 76 89 11 0 7593 31880 3660 0 100 0.0 1
3665 75 91 9 1 7593 31880 3665 0 100 0.0 0
3670 72 95 5 0 7593 31880 3670 0 100 0.0 6
3675 69 97 3 0 7593 31880 3675 0 100 0.0 2
3680 70 93 7 0 7593 31880 3680 0 100 0.0 5
3685 66 94 6 0 7593 31880 3685 0 100 0.0 2
3690 64 97 3 0 7593 31880 3690 0 100 0.0 1
3695 67 95 5 0 7593 31880 3695 0 100 0.0 8
3700 66 94 6 0 7593 31880 3700 0 100 0.0 1
3705 63 96 4 0 7593 31880 3705 0 100 0.0 2
3710 64 97 3 0 7593 31880 3710 0 100 0.0 3
3715 64 91 9 0 7593 31880 3715 0 100 0.0 3
3720 62 96 4 0 7593 31880 3720 0 100 0.0 1
3725 62 95 5 0 7593 31880 3725 0 100 0.0 3
3730 59 92 8 0 7593 31880 3730 0 100 0.0 1
3735 57 96 4 0 7593 31880 3735 0 100 0.0 2
3740 55 87 13 1 7593 31880 3740 0 100 0.0 1
3745 54 92 8 0 7593 31880 3745 0 100 0.0 8
3750 54 91 9 0 7593 31880 3750 0 100 0.0 0
3755 55 92 8 0 7593 31880 3755 0 100 0.0 4
3760 53 89 11 1 7593 31880 3760 0 100 0.0 0
3765 50 92 8 0 7593 31880 3765 0 100 0.0 4
3770 47 89 11 0 7593 31880 3770 0 100 0.0 4
3775 47 92 8 0 7593 31880 3775 0 100 0.0 5
3780 46 93 7 0 7593 31880 3780 0 100 0.0 2
3785 43 91 9 0 7593 31880 3785 0 100 0.0 6
3790 42 91 9 0 7593 31880 3790 0 100 0.0 1
3795 39 89 11 0 7593 31880 3795 0 100 0.0 0
3800 40 93 7 1 7593 31880 3800 0 100 0.0 3
3805 38 97 3 0 7593 31880 3805 0 100 0.0 1
3810 37 96 4 0 7593 31880 3810 0 100 0.0 3
3815 33 96 4 0 7593 31880 3815 0 100 0.0 5
3820 33 96 4 0 7593 31880 3820 0 100 0.0 3
3825 28 96 4 0 7593 31880 3825 0 100 0.0 3
3830 26 94 6 0 7593 31880 3830 0 100 0.0 2
3835 26 93 7 0 7593 31880 3835 0 100 0.0 5
3840 25 95 5 0 7593 31880 3840 0 100 0.0 6
3845 25 93 7 0 7593 31880 3845 0 100 0.0 2
3850 25 94 6 1 7593 31880 3850 0 100 0.0 1
3855 25 95 5 0 7593 31880 3855 0 100 0.0 0
3860 24 93 7 0 7593 31880 3860 0 100 0.0 6
3865 22 95 5 0 7593 31880 3865 0 100 0.0 3
3870 22 96 4 0 7593 31880 3870 0 100 0.0 1
3875 22 93 7 0 7593 31880 3875 0 100 0.0 0
3880 22 94 6 0 7593 31880 3880 0 100 0.0 1
3885 21 95 5 0 7593 31880 3885 0 100 0.0 3
3890 20 93 7 0 7593 31880 3890 0 100 0.0 3
3895 21 96 4 0 7593 31880 3895 0 100 0.0 5
3900 20 97 3 0 7593 31880 3900 0 100 0.0 2
3905 20 94 6 0 7593 31880 3905 0 100 0.0 0
3910 19 93 7 0 7593 31880 3910 0 100 0.0 1
3915 18 89 11 1 7593 31880 3915 0 100 0.0 5
3920 18 91 9 0 7593 31880 3920 0 100 0.0 5
3925 16 93 7 0 7593 31880 3925 0 100 0.0 2
3930 15 92 8 0 7593 31880 3930 0 100 0.0 4
3935 15 91 9 0 7593 31880 3935 0 100 0.0 7
3940 12 92 8 0 7593 31880 3940 0 100 0.0 1
3945 13 93 7 0 7593 31880 3945 0 100 0.0 3
3950 13 90 10 0 7593 31880 3950 0 100 0.0 4
3955 13 88 12 0 7593 31880 3955 0 100 0.0 2
3960 13 92 8 0 7593 31880 3960 0 100 0.0 4
3965 13 88 12 0 7593 31880 3965 0 100 0.0 0
3970 12 94 6 0 7593 31880 3970 0 100 0.0 0
3975 12 93 7 0 7593 31880 3975 0 100 0.0 1
3980 9 92 8 0 7593 31880 3980 0 100 0.0 5
3985 9 92 8 0 7593 31880 3985 0 100 0.0 2
3990 9 91 9 0 7593 31880 3990 0 100 0.0 6
3995 9 91 9 0 7593 31880 3995 0 100 0.0 0
4000 9 88 12 0 7593 31880 4000 0 100 0.0 1
4005 76 94 6 1 7593 31880 4005 63 100 0.0 1
4010 96 97 3 0 7593 31880 4010 75 100 0.0 0
4015 96 92 8 0 7593 31880 4015 82 100 0.0 0
4020 97 96 4 0 7593 31880 4020 75 100 0.0 1
4025 97 96 4 0 7593 31880 4025 76 100 0.0 0
4030 96 92 8 1 7593 31880 4030 70 100 0.0 0
4035 94 93 7 0 7593 31880 4035 66 100 0.0 0
4040 95 89 11 0 7593 31880 4040 58 100 0.0 3
4045 95 95 5 0 7593 31880 4045 49 100 0.0 4
4050 95 90 10 0 7593 31880 4050 47 100 0.0 2
4055 91 96 4 0 7593 31880 4055 34 100 0.0 1
4060 93 99 1 0 7593 31880 4060 34 100 0.0 0
4065 90 99 1 0 7593 31880 4065 29 100 0.0 1
4070 90 97 3 0 7593 31880 4070 24 100 0.0 0
4075 91 96 4 0 7593 31880 4075 19 100 0.0 1
4080 87 95 5 0 7593 31880 4080 18 100 0.0 3
4085 86 96 4 0 7593 31880 4085 13 100 0.0 1
4090 87 98 2 0 7593 31880 4090 11 100 0.0 2
4095 86 97 3 0 7593 31880 4095 9 100 0.0 1
4100 87 98 2 0 7593 31880 4100 9 100 0.0 3
4105 84 94 6 1 7593 31880 4105 6 100 0.0 1
4110 81 97 3 0 7593 31880 4110 6 100 0.0 1
4115 82 98 2 0 7593 31880 4115 6 100 0.0 0
4120 83 94 6 0 7593 31880 4120 6 100 0.0 1
4125 83 95 5 0 7593 31880 4125 6 100 0.0 3
4130 82 94 6 0 7593 31880 4130 4 100 0.0 0
4135 82 93 7 0 7593 31880 4135 4 100 0.0 1
4140 82 97 3 0 7593 31880 4140 2 100 0.0 1
4145 76 95 5 0 7593 31880 4145 2 100 0.0 4
4150 80 94 6 0 7593 31880 4150 2 100 0.0 2
4155 80 94 6 0 7593 31880 4155 2 100 0.0 6
4160 75 94 6 0 7593 31880 4160 2 100 0.0 1
4165 77 95 5 0 7593 31880 4165 2 100 0.0 5
4170 75 95 5 0 7593 31880 4170 2 100 0.0 3
4175 69 97 3 0 7593 31880 4175 2 100 0.0 2
4180 71 93 7 0 7593 31880 4180 2 100 0.0 5
4185 67 98 2 0 7593 31880 4185 2 100 0.0 5
4190 67 98 2 0 7593 31880 4190 2 100 0.0 3
4195 65 97 3 0 7593 31880 4195 2 100 0.0 3
4200 65 97 3 0 7593 31880 4200 2 100 0.0 5
4205 63 94 6 0 7593 31880 4205 0 100 0.0 3
4210 61 92 8 0 7593 31880 4210 1 100 0.0 4
4215 59 94 6 1 7593 31880 4215 1 100 0.0 1
4220 58 95 5 0 7593 31880 4220 1 100 0.0 4
4225 56 93 7 1 7593 31880 4225 0 100 0.0 0
4230 53 94 6 0 7593 31880 4230 0 100 0.0 0
4235 53 96 4 1 7593 31880 4235 0 100 0.0 2
4240 52 96 4 0 7593 31880 4240 0 100 0.0 3
4245 50 94 6 0 7593 31880 4245 0 100 0.0 0
4250 50 94 6 0 7593 31880 4250 0 100 0.0 4
4255 50 93 7 0 7593 31880 4255 0 100 0.0 3
4260 49 95 5 0 7593 31880 4260 0 100 0.0 1
4265 47 90 10 0 7593 31880 4265 0 100 0.0 2
4270 43 92 8 1 7593 31880 4270 0 100 0.0 1
4275 45 96 4 0 7593 31880 4275 0 100 0.0 1
4280 46 93 7 0 7593 31880 4280 0 100 0.0 3
4285 46 97 3 0 7593 31880 4285 0 100 0.0 2
4290 44 94 6 0 7593 31880 4290 0 100 0.0 2
4295 42 89 11 0 7593 31880 4295 0 100 0.0 2
4300 38 94 6 0 7593 31880 4300 0 100 0.0 1
4305 33 93 7 0 7593 31880 4305 0 100 0.0 3
4310 34 93 7 0 7593 31880 4310 0 100 0.0 3
4315 33 94 6 0 7593 31880 4315 0 100 0.0 1
4320 33 96 4 0 7593 31880 4320 0 100 0.0 6
